STATIONS_ID;MESS_DATUM;QN_3;  FX;  FM;QN_4; RSK;RSKF; SDK;SHK_TAG;  NM; VPM;  PM; TMK; UPM; TXK; TNK; TGK;eor
       1420;20231229;   10;  16.2;   8.6;    9;   0.9;   6;    0.200;   0;   7.7;   9.2; 1001.40;   10.0;   75.00;   11.5;    8.5;    6.2;eor
       1420;20231230;   10;  11.5;   5.0;    9;   0.0;   6;    1.700;   0;   7.3;   8.8; 1002.60;    8.9;   77.00;   11.3;    5.9;    2.5;eor
       1420;20231231;   10;  15.1;   4.5;    9;   0.9;   6;    0.000;   0;   7.3;   8.1;  993.60;    6.8;   82.00;    9.6;    3.4;    1.0;eor
       1420;20240101;   10;  13.8;   7.1;    9;   8.8;   6;    0.500;   0;   7.4;   7.8;  996.50;    7.3;   77.00;    8.5;    6.0;    4.3;eor
       1420;20240102;   10;  17.4;   8.1;    9;   7.9;   6;    0.000;   0;   7.8;   9.6;  987.00;    8.6;   85.00;   11.0;    6.2;    5.4;eor
       1420;20240103;   10;  18.8;   8.5;    9;   6.8;   6;    2.300;   0;   7.4;   9.5;  984.10;   10.3;   76.00;   13.2;    7.9;    7.0;eor
       1420;20240104;   10;  14.9;   6.9;    9;   0.1;   6;    2.200;   0;   7.5;   8.5;  991.90;    8.6;   77.00;   10.9;    5.8;    3.3;eor
       1420;20240105;   10;  11.7;   3.7;    9;   0.0;   0;    0.200;   0;   7.6;   7.8;  990.90;    6.6;   80.00;    9.9;    1.8;   -0.5;eor
       1420;20240106;   10;   7.5;   2.5;    9;   0.1;   6;    0.000;   0;   7.9;   7.4;  996.30;    5.3;   84.00;    7.1;    3.0;    2.2;eor
       1420;20240107;   10;  13.3;   6.3;    9;   0.0;   6;    0.000;   0;   7.9;   5.3; 1006.30;    2.2;   72.00;    5.0;   -0.8;   -1.1;eor
       1420;20240108;   10;  11.5;   5.7;    9;   0.0;   0;    4.900;   0;   5.4;   3.1; 1014.70;   -2.2;   59.00;    0.0;   -5.8;   -6.7;eor
       1420;20240109;   10;  10.3;   4.6;    9;   0.0;   0;    7.500;   0;   0.0;   2.5; 1017.20;   -3.7;   54.00;    0.4;   -6.4;   -7.5;eor
       1420;20240110;   10;   8.9;   2.6;    9;   0.0;   0;    2.900;   0;   3.5;   2.9; 1016.30;   -3.8;   63.00;   -0.5;   -7.0;   -8.3;eor
       1420;20240111;   10;  10.7;   2.4;    9;   0.0;   0;    7.400;   0;   0.4;   3.5; 1018.40;   -2.7;   70.00;    2.4;   -6.7;   -9.8;eor
       1420;20240112;   10;   6.5;   2.4;    9;   0.0;   7;    0.000;   0;   8.0;   5.0; 1019.20;   -0.3;   84.00;    0.5;   -0.9;   -1.1;eor
       1420;20240113;   10;   9.4;   4.6;    9;   0.0;   8;    0.000;   0;   7.9;   5.0; 1011.70;   -0.1;   82.00;    1.0;   -1.0;   -1.1;eor
       1420;20240114;   10;  13.5;   6.2;    9;   0.2;   8;    0.000;   0;   7.9;   4.5;  999.70;   -1.2;   80.00;    0.0;   -2.6;   -2.7;eor
       1420;20240115;   10;  13.6;   7.2;    9;   0.1;   7;    0.500;   0;   7.5;   4.7;  992.90;    0.2;   75.00;    2.9;   -2.6;   -2.7;eor
       1420;20240116;   10;  10.0;   3.8;    9;   0.0;   0;    3.200;   0;   6.3;   4.3;  997.50;   -1.3;   77.00;    3.1;   -6.1;   -8.4;eor
       1420;20240117;   10;   5.4;   2.0;    9;  14.7;   8;    0.000;   0;   7.8;   4.7;  981.30;   -2.5;   91.00;    0.7;   -6.4;   -8.1;eor
       1420;20240118;   10;  10.7;   3.9;    9;   1.6;   8;    0.100;   0;   6.4;   5.2;  987.30;   -0.6;   89.00;    1.6;   -4.6;  -11.0;eor
       1420;20240119;   10;   7.0;   2.6;    9;   0.0;   0;    5.100;   4;   3.7;   4.1; 1009.30;   -4.0;   90.00;   -0.1;   -9.2;  -15.1;eor
       1420;20240120;   10;   5.2;   1.9;    9;   0.0;   7;    0.000;   3;   7.0;   3.7; 1019.10;   -5.7;   92.00;   -4.2;   -9.1;  -14.4;eor
       1420;20240121;   10;   9.7;   2.5;    9;   0.0;   0;    0.900;   3;   7.5;   4.3; 1015.40;   -3.5;   90.00;    2.9;   -9.9;  -13.7;eor
       1420;20240122;   10;  13.8;   7.0;    9;   1.5;   6;    0.000;   0;   7.3;   7.7; 1004.70;    6.3;   80.00;    9.1;    2.8;    1.5;eor
       1420;20240123;   10;  15.4;   7.5;    9;   2.4;   6;    2.100;   0;   5.9;   7.8; 1013.30;    6.9;   79.00;    9.2;    2.6;   -0.2;eor
       1420;20240124;   10;  21.8;   8.3;    9;   0.4;   6;    3.900;   0;   7.1;   9.1; 1011.10;   11.3;   68.00;   14.5;    7.4;    5.1;eor
       1420;20240125;   10;   8.3;   3.7;    9;   0.5;   6;    3.400;   0;   7.0;   8.3; 1016.60;    8.3;   76.00;   10.8;    4.3;    1.0;eor
       1420;20240126;   10;  17.1;   5.3;    9;   4.0;   6;    1.100;   0;   7.3;   9.2; 1015.00;    8.7;   81.00;   12.2;    6.0;    3.8;eor
       1420;20240127;   10;   6.5;   2.2;    9;   0.0;   0;    8.000;   0;   2.5;   5.5; 1024.20;    2.3;   78.00;    8.2;   -2.6;   -4.7;eor
       1420;20240128;   10;   5.3;   2.5;    9;   0.0;   0;    8.100;   0;   2.5;   5.5; 1020.10;    2.9;   75.00;    9.3;   -2.0;   -5.0;eor
       1420;20240129;   10;   7.2;   1.2;    9;   0.0;   0;    6.600;   0;   7.8;   5.9; 1018.20;    2.0;   84.00;    9.1;   -3.3;   -5.3;eor
       1420;20240130;   10;   6.5;   1.9;    9;   0.0;   6;    0.800;   0;   7.8;   6.9; 1018.80;    3.3;   88.00;    8.1;   -2.5;   -4.3;eor
       1420;20240131;   10;  12.4;   2.4;    9;   1.7;   6;    2.600;   0;   7.3;   7.4; 1020.20;    5.8;   81.00;    9.9;    1.7;   -1.6;eor
       1420;20240201;   10;  10.9;   4.3;    9;   0.2;   6;    4.200;   0;   5.7;   7.4; 1017.70;    6.4;   77.00;   11.3;   -1.2;   -3.2;eor
       1420;20240202;   10;  12.7;   4.9;    9;   0.0;   6;    6.500;   0;   7.8;   6.9; 1018.30;    5.7;   76.00;   10.6;   -0.9;   -2.1;eor
       1420;20240203;   10;  11.9;   6.3;    9;   0.9;   6;    0.500;   0;   7.9;   9.1; 1015.60;    9.2;   78.00;   11.8;    7.0;    6.1;eor
       1420;20240204;   10;  18.4;   8.4;    9;   0.0;   6;    0.000;   0;   7.7;  10.0; 1012.10;   10.1;   81.00;   11.3;    8.5;    7.9;eor
       1420;20240205;   10;  15.9;   8.8;    9;   0.0;   6;    5.000;   0;   5.8;   8.9; 1009.60;    9.7;   74.00;   12.4;    7.4;    6.3;eor
       1420;20240206;   10;  16.1;   8.4;    9;   0.6;   6;    0.000;   0;   7.7;   8.4; 1004.10;    8.2;   77.00;    9.5;    6.6;    5.8;eor
       1420;20240207;   10;  17.9;   7.3;    9;  18.6;   6;    0.000;   0;   7.7;   8.9;  993.80;    7.6;   85.00;   11.5;    3.0;    2.9;eor
       1420;20240208;   10;  12.7;   3.0;    9;   9.5;   6;    0.000;   0;   7.7;   9.2;  987.30;    6.3;   95.00;   11.3;    3.1;    3.0;eor
       1420;20240209;   10;  12.3;   5.1;    9;   5.0;   6;    0.600;   0;   7.7;  11.3;  978.40;   11.3;   85.00;   14.4;    9.8;    8.4;eor
       1420;20240210;   10;   6.9;   1.9;    9;   0.0;   6;    0.800;   0;   7.8;  11.1;  976.00;   10.4;   88.00;   13.2;    7.4;    5.6;eor
       1420;20240211;   10;  12.0;   4.9;    9;   1.2;   6;    0.000;   0;   7.9;   9.4;  981.00;    9.0;   82.00;   10.6;    7.6;    6.7;eor
       1420;20240212;   10;   8.9;   3.6;    9;   0.2;   6;    0.100;   0;   7.0;   8.5;  993.00;    8.1;   79.00;   10.8;    1.5;   -1.5;eor
       1420;20240213;   10;   9.8;   2.9;    9;   0.5;   6;    5.700;   0;   5.4;   6.7; 1007.00;    4.8;   79.00;   10.3;   -1.3;   -3.6;eor
       1420;20240214;   10;  11.2;   4.9;    9;   2.3;   6;    0.100;   0;   7.9;   9.7; 1008.20;    8.9;   84.00;   11.2;    5.6;    4.1;eor
       1420;20240215;   10;   8.4;   2.4;    9;   0.2;   6;    1.800;   0;   7.9;  11.4; 1005.90;   11.7;   84.00;   15.5;    8.6;    6.9;eor
       1420;20240216;   10;   9.5;   3.2;    9;   4.1;   4;    0.600;   0;   7.7;  11.6; 1004.60;   11.3;   88.00;   16.5;    7.5;    4.9;eor
       1420;20240217;   10;   8.5;   2.4;    9;   0.0;   0;    0.000;   0;   6.9;  10.6; 1018.10;   10.3;   85.00;   13.7;    5.6;    3.0;eor
       1420;20240218;   10;  11.1;   4.2;    9;   4.5;   6;    0.000;   0;   7.8;   9.6; 1016.90;    8.1;   89.00;   10.8;    4.2;    1.3;eor
       1420;20240219;   10;  12.0;   4.6;    9;   0.3;   6;    0.100;   0;   7.7;   9.3; 1014.20;   10.0;   76.00;   12.6;    8.4;    6.0;eor
       1420;20240220;   10;  10.1;   4.5;    9;   0.8;   6;    1.500;   0;   7.5;   8.1; 1015.80;    9.0;   71.00;   11.4;    5.5;    3.6;eor
       1420;20240221;   10;   9.5;   4.5;    9;  19.2;   6;    0.700;   0;   7.5;   8.5; 1005.80;    8.4;   77.00;   11.0;    6.1;    4.1;eor
       1420;20240222;   10;  22.0;   7.0;    9;   9.7;   6;    0.000;   0;   7.8;  10.9;  983.50;    9.7;   90.00;   12.4;    7.8;    7.3;eor
       1420;20240223;   10;  15.9;   5.2;    9;   0.0;   6;    2.100;   0;   6.1;   6.9;  984.60;    6.8;   70.00;    9.9;    3.4;    0.2;eor
       1420;20240224;   10;  11.6;   4.2;    9;   0.3;   6;    2.600;   0;   6.6;   6.7;  990.30;    5.1;   77.00;    9.2;    0.2;   -2.4;eor
       1420;20240225;   10;  10.1;   3.1;    9;   1.2;   6;    2.400;   0;   7.2;   6.6;  991.30;    6.2;   70.00;   10.3;    0.2;   -1.9;eor
       1420;20240226;   10;   8.2;   3.3;    9;   4.1;   6;    0.500;   0;   7.7;   8.2;  989.80;    7.9;   77.00;   10.4;    5.2;    4.6;eor
       1420;20240227;   10;  10.1;   5.1;    9;   0.0;   0;    8.300;   0;   7.2;   7.8; 1001.70;    8.4;   71.00;   11.8;    2.7;   -1.0;eor
       1420;20240228;   10;   6.8;   1.6;    9;   0.0;   0;    8.400;   0;   4.0;   6.4; 1009.00;    4.2;   79.00;   10.6;   -0.9;   -3.7;eor
       1420;20240229;   10;   6.2;   1.4;    9;   0.0;   0;    9.000;   0;   4.6;   6.7; 1001.90;    4.1;   82.00;   11.3;   -1.9;   -4.2;eor
       1420;20240301;   10;   9.1;   2.2;    9;   0.0;   0;    2.700;   0;   6.2;   7.2;  994.40;    4.8;   84.00;   10.4;   -1.3;   -2.8;eor
       1420;20240302;   10;   6.5;   2.0;    9;   0.0;   6;    3.500;   0;   7.3;   7.8;  991.50;    8.2;   74.00;   15.0;    1.2;   -1.5;eor
       1420;20240303;   10;   8.1;   2.9;    9;   0.0;   0;    8.300;   0;   6.4;   8.7;  988.30;   10.4;   70.00;   16.1;    5.3;    1.0;eor
       1420;20240304;   10;  10.5;   2.6;    9;   0.0;   6;    0.000;   0;   7.1;   8.9;  997.60;    7.9;   83.00;   10.6;    2.7;    0.0;eor
       1420;20240305;   10;   7.0;   2.1;    9;   0.5;   6;    0.100;   0;   8.0;   9.0; 1002.50;    7.7;   86.00;    9.7;    3.4;    0.9;eor
       1420;20240306;   10;   9.0;   2.7;    9;   0.0;   0;    1.400;   0;   6.9;   7.6; 1009.10;    6.3;   80.00;   11.7;    0.1;   -1.8;eor
       1420;20240307;   10;   8.6;   3.0;    9;   0.0;   0;    2.500;   0;   5.1;   6.2; 1009.30;    6.1;   67.00;   10.5;    1.7;   -0.9;eor
       1420;20240308;   10;   9.7;   3.5;    9;   0.0;   0;   10.400;   0;   1.0;   5.6; 1000.20;    5.9;   61.00;   11.5;   -0.5;   -2.3;eor
       1420;20240309;   10;   7.1;   2.9;    9;   0.0;   0;    7.100;   0;   6.8;   6.5;  991.00;    8.0;   62.00;   14.1;    1.4;   -0.6;eor
       1420;20240310;   10;  10.0;   3.2;    9;  12.2;   6;    1.000;   0;   7.6;   7.6;  984.00;    9.7;   64.00;   13.7;    6.6;    5.4;eor
       1420;20240311;   10;  12.9;   4.9;    9;   3.7;   6;    4.700;   0;   5.3;   9.0;  992.10;    8.8;   80.00;   14.0;    4.0;    0.4;eor
       1420;20240312;   10;  11.3;   3.7;    9;   4.4;   6;    0.500;   0;   7.1;   8.3; 1003.00;    7.6;   81.00;   11.6;    3.6;    0.6;eor
       1420;20240313;   10;   6.3;   2.1;    9;   0.2;   6;    0.000;   0;   7.9;  11.1; 1004.60;    9.4;   93.00;   12.3;    7.0;    6.7;eor
       1420;20240314;   10;   7.2;   2.3;    9;   0.0;   0;    7.000;   0;   7.9;  10.8; 1002.30;   11.2;   82.00;   17.0;    5.9;    3.3;eor
       1420;20240315;   10;  12.1;   3.9;    9;   0.9;   6;    1.300;   0;   7.8;  11.1; 1000.00;   11.2;   84.00;   15.6;    5.8;    3.2;eor
       1420;20240316;   10;  14.1;   4.5;    9;   0.2;   6;    0.900;   0;   7.7;   9.5; 1006.60;   10.5;   74.00;   13.6;    5.6;    3.6;eor
       1420;20240317;   10;   5.8;   1.4;    9;   0.0;   6;    4.500;   0;   7.8;   7.9; 1010.00;    8.1;   74.00;   14.0;    1.4;   -1.2;eor
       1420;20240318;   10;   4.8;   1.4;    9;   0.8;   6;    1.600;   0;   7.2;  10.4; 1004.80;   10.2;   84.00;   14.1;    7.8;    5.7;eor
       1420;20240319;   10;   5.3;   1.2;    9;   0.0;   0;    4.700;   0;   7.6;  10.7; 1007.30;    9.9;   89.00;   16.1;    5.6;    2.4;eor
       1420;20240320;   10;   7.0;   1.7;    9;   0.0;   0;    9.800;   0;   6.9;   9.5; 1007.30;   11.6;   72.00;   19.7;    5.1;    2.3;eor
       1420;20240321;   10;  12.8;   3.7;    9;   0.0;   0;    5.900;   0;   6.8;   9.3; 1009.90;   10.9;   73.00;   17.2;    3.7;    2.4;eor
       1420;20240322;   10;   9.7;   3.1;    9;   0.3;   6;    2.900;   0;   6.5;   9.7; 1005.30;   10.8;   76.00;   17.9;    3.7;    1.3;eor
       1420;20240323;   10;  20.9;   4.9;    9;   1.2;   6;    3.300;   0;   6.7;   7.4;  997.80;    6.7;   76.00;   11.1;    2.6;    0.7;eor
       1420;20240324;   10;  22.0;   7.0;    9;   4.6;   6;    3.500;   0;   7.2;   7.1;  994.90;    6.6;   73.00;    9.1;    4.0;    2.9;eor
       1420;20240325;   10;   9.1;   3.4;    9;   0.0;   0;   10.900;   0;   6.0;   5.7;  993.80;    7.9;   55.00;   12.3;    3.6;    1.4;eor
       1420;20240326;   10;   6.4;   2.6;    9;   0.0;   0;    4.000;   0;   7.1;   6.5;  982.10;    8.8;   58.00;   14.6;    3.5;    2.1;eor
       1420;20240327;   10;  11.6;   4.2;    9;   0.2;   6;    1.400;   0;   7.9;   8.0;  976.10;    9.5;   67.00;   14.4;    4.9;    1.6;eor
       1420;20240328;   10;  20.3;   5.8;    9;   1.1;   6;    2.800;   0;   5.2;   7.4;  980.20;    8.1;   70.00;   13.6;    2.2;   -1.0;eor
       1420;20240329;   10;   6.6;   2.0;    9;   4.5;   6;    0.000;   0;   7.9;  10.1;  986.40;    8.6;   89.00;   12.2;    3.2;   -0.3;eor
       1420;20240330;   10;   5.5;   2.2;    9;   2.8;   6;    0.100;   0;   7.0;  11.0;  986.50;   10.5;   87.00;   14.4;    7.4;    5.5;eor
       1420;20240331;   10;   9.3;   2.6;    9;   3.4;   6;    5.900;   0;   7.3;  11.3;  986.00;   13.4;   76.00;   19.5;    8.5;    7.8;eor
       1420;20240401;   10;  13.8;   4.9;    9;   4.1;   6;    0.100;   0;   7.2;  10.6;  986.60;    9.9;   87.00;   11.9;    7.5;    5.2;eor
       1420;20240402;   10;  17.2;   6.8;    9;   0.3;   6;    4.100;   0;   6.3;   8.9;  997.30;   10.8;   70.00;   15.1;    6.6;    4.3;eor
       1420;20240403;   10;  12.1;   4.1;    9;   3.8;   6;    0.200;   0;   7.8;  10.8;  996.80;   10.4;   85.00;   12.1;    7.5;    6.2;eor
       1420;20240404;   10;  17.0;   5.9;    9;   2.5;   6;    1.600;   0;   7.0;  11.6;  999.10;   12.2;   82.00;   16.2;    7.7;    4.5;eor
       1420;20240405;   10;  14.1;   4.4;    9;   0.0;   6;    2.800;   0;   7.7;  12.3; 1001.70;   15.7;   71.00;   21.5;    9.2;    7.1;eor
       1420;20240406;   10;   9.8;   2.9;    9;   0.0;   0;    9.800;   0;   5.5;  11.0; 1002.30;   18.5;   56.00;   26.4;   11.2;    7.4;eor
       1420;20240407;   10;  10.6;   2.6;    9;   0.3;   6;    6.800;   0;   7.1;  11.8; 1002.70;   18.0;   59.00;   24.0;   10.0;    7.1;eor
       1420;20240408;   10;  11.0;   2.9;    9;   0.0;   0;    9.600;   0;   5.7;  11.9;  996.80;   19.6;   56.00;   26.4;   12.3;    9.5;eor
       1420;20240409;   10;  14.8;   5.6;    9;   0.0;   6;    0.300;   0;   7.7;  10.2; 1001.20;   13.0;   67.00;   17.7;    7.4;    4.6;eor
       1420;20240410;   10;   9.3;   2.5;    9;   0.0;   0;    5.500;   0;   4.0;   7.5; 1016.20;    9.6;   65.00;   15.6;    3.7;    0.4;eor
       1420;20240411;   10;   7.2;   1.8;    9;   0.0;   0;    9.400;   0;   5.8;   7.5; 1020.90;   10.2;   64.00;   18.2;    0.3;   -1.9;eor
       1420;20240412;   10;   9.2;   2.2;    9;   0.0;   0;    6.000;   0;   7.1;  10.8; 1019.70;   12.9;   73.00;   20.0;    4.9;    2.6;eor
       1420;20240413;   10;   9.6;   2.5;    9;   0.0;   0;   11.700;   0;   7.8;  12.6; 1013.80;   15.9;   72.00;   23.7;    7.7;    4.9;eor
       1420;20240414;   10;   9.8;   3.1;    9;   0.0;   6;   10.800;   0;   7.3;  11.3; 1007.40;   16.2;   64.00;   22.5;    9.4;    6.7;eor
       1420;20240415;   10;  23.0;   6.9;    9;   1.3;   6;    5.700;   0;   6.5;   8.4;  997.20;   12.1;   61.00;   18.0;    5.3;    3.6;eor
       1420;20240416;   10;  19.9;   7.1;    9;   2.8;   6;    2.400;   0;   7.2;   7.8;  993.50;    7.4;   76.00;   12.9;    4.0;    2.3;eor
       1420;20240417;   10;  11.5;   3.5;    9;   0.1;   6;    6.900;   0;   7.7;   7.1;  998.00;    7.6;   70.00;   11.1;    4.5;    2.2;eor
       1420;20240418;   10;  10.0;   2.9;    9;   0.8;   6;    4.400;   0;   7.0;   6.8; 1004.40;    6.9;   70.00;   12.7;    0.9;   -1.4;eor
       1420;20240419;   10;  15.6;   6.3;    9;   6.8;   6;    0.800;   0;   7.2;   7.9;  999.40;    6.5;   82.00;    9.3;    4.1;    3.4;eor
       1420;20240420;   10;  14.4;   4.3;    9;   2.7;   6;    5.200;   0;   7.5;   7.2; 1005.80;    7.0;   73.00;   10.2;    4.5;    2.8;eor
       1420;20240421;   10;  14.8;   4.9;    9;   3.3;   6;    4.300;   0;   6.0;   6.1; 1008.00;    5.7;   67.00;    9.3;    2.6;    1.4;eor
       1420;20240422;   10;  12.1;   3.2;    9;   0.0;   6;    8.300;   0;   5.8;   5.4; 1009.80;    5.3;   62.00;   10.4;   -1.0;   -3.4;eor
       1420;20240423;   10;  10.9;   2.9;    9;   0.0;   6;   11.500;   0;   2.1;   4.7; 1005.40;    6.2;   53.00;   12.1;   -1.0;   -4.0;eor
       1420;20240424;   10;  14.0;   3.8;    9;   0.5;   6;    4.400;   0;   7.5;   6.2;  996.80;    6.5;   65.00;   11.2;    1.1;   -1.6;eor
       1420;20240425;   10;  11.2;   4.5;    9;   0.0;   6;    5.500;   0;   7.4;   6.4;  995.00;    6.9;   65.00;   11.3;    0.9;   -1.7;eor
       1420;20240426;   10;  11.5;   2.6;    9;   0.0;   6;    6.800;   0;   6.5;   7.5;  994.10;    8.2;   71.00;   16.4;    0.2;   -2.1;eor
       1420;20240427;   10;  10.5;   2.3;    9;   0.1;   6;    9.900;   0;   5.8;   8.2;  995.60;   14.0;   57.00;   22.5;    2.6;   -0.1;eor
       1420;20240428;   10;  12.6;   4.2;    9;   0.0;   6;    0.800;   0;   7.9;  10.2; 1000.30;   14.0;   64.00;   18.8;    9.2;    7.4;eor
       1420;20240429;   10;   6.7;   1.9;    9;   0.0;   0;    5.900;   0;   7.7;  10.9; 1008.30;   14.6;   67.00;   20.9;    8.0;    6.0;eor
       1420;20240430;   10;-999;   1.8;    9;   0.0;   0;   12.600;   0;   5.0;  11.9; 1002.00;   18.6;   59.00;   26.9;    7.0;    5.1;eor
       1420;20240501;   10;   8.4;   2.7;    9;   0.0;   0;   11.500;   0;   5.8;  12.4;  992.40;   20.6;   54.00;   27.0;   12.1;    8.4;eor
       1420;20240502;   10;  13.6;   4.1;    9;  11.9;   6;    9.800;   0;   5.7;  13.3;  987.70;   18.1;   67.00;   24.8;   12.1;   11.4;eor
       1420;20240503;   10;  11.6;   4.9;    9;   0.1;   6;    1.600;   0;   7.9;  11.0;  999.80;   12.1;   79.00;   16.2;    7.4;    5.1;eor
       1420;20240504;   10;   8.6;   2.3;    9;   0.9;   6;    2.900;   0;   7.7;  10.4; 1001.80;   13.3;   71.00;   19.0;    5.8;    3.8;eor
       1420;20240505;   10;   9.9;   4.0;    9;   3.4;   6;    1.700;   0;   7.8;  12.6;  997.70;   15.0;   75.00;   19.1;   12.5;   11.7;eor
       1420;20240506;   10;  10.7;   3.4;    9;  13.0;   6;    0.100;   0;   7.9;  15.0;  996.10;   14.1;   93.00;   17.0;   10.9;    9.4;eor
       1420;20240507;   10;  11.4;   4.0;    9;   0.1;   6;    0.500;   0;   7.6;  12.2; 1004.20;   14.3;   76.00;   17.5;   10.5;    8.9;eor
       1420;20240508;   10;   9.2;   2.7;    9;   0.0;   0;    5.300;   0;   3.4;  10.3; 1012.10;   13.4;   69.00;   19.1;    7.7;    5.1;eor
       1420;20240509;   10;   9.7;   2.5;    9;   0.0;   0;   13.500;   0;   1.0;  10.0; 1013.00;   15.2;   61.00;   21.8;    7.5;    4.5;eor
       1420;20240510;   10;  12.4;   2.4;    9;   0.0;   0;   12.900;   0;   3.5;  10.2; 1010.00;   17.3;   55.00;   23.2;    9.5;    7.9;eor
       1420;20240511;   10;   9.1;   2.4;    9;   0.0;   0;   12.100;   0;   7.1;  10.8; 1008.10;   18.6;   53.00;   24.6;   10.6;    8.0;eor
       1420;20240512;   10;  10.0;   2.8;    9;   0.0;   0;   13.900;   0;   5.5;  11.8; 1004.20;   20.0;   52.00;   25.7;   13.3;   11.1;eor
       1420;20240513;   10;   7.6;   2.2;    9;   0.0;   0;   11.000;   0;   2.5;  13.8;  999.90;   19.1;   63.00;   25.2;   13.0;    9.3;eor
       1420;20240514;   10;  10.1;   3.2;    9;   0.0;   0;   14.000;   0;   0.3;  12.1;  994.70;   20.7;   52.00;   26.8;   13.6;   10.6;eor
       1420;20240515;   10;  10.8;   2.6;    9;   6.6;   6;    3.000;   0;   7.7;  13.3;  993.80;   16.7;   70.00;   19.6;   12.7;    9.2;eor
       1420;20240516;   10;   8.2;   2.6;    9;   0.8;   6;    6.000;   0;   7.5;  14.5;  993.20;   17.3;   75.00;   22.6;   13.6;   13.0;eor
       1420;20240517;   10;   9.5;   3.2;    9;   1.7;   6;    0.000;   0;   7.9;  14.5;  992.80;   15.2;   84.00;   16.9;   13.8;   13.4;eor
       1420;20240518;   10;   8.1;   2.6;    9;   7.3;   6;    0.300;   0;   8.0;  14.9;  997.80;   14.8;   88.00;   17.9;   11.2;    9.4;eor
       1420;20240519;   10;   7.9;   3.0;    9;   0.7;   6;    3.100;   0;   7.7;  13.8;  998.50;   14.7;   83.00;   19.7;    9.6;    8.4;eor
       1420;20240520;   10;   5.9;   1.7;    9;   0.0;   6;   11.000;   0;   4.3;  12.6;  998.20;   16.5;   71.00;   23.9;    7.7;    6.9;eor
       1420;20240521;   10;   7.8;   3.2;    9;  18.7;   6;    0.200;   0;   7.6;  15.0;  994.30;   16.9;   78.00;   20.9;   13.1;   12.3;eor
       1420;20240522;   10;  11.0;   4.3;    9;   0.0;   6;    5.200;   0;   5.5;  13.6;  998.40;   15.5;   79.00;   20.9;    9.7;    8.0;eor
       1420;20240523;   10;   8.1;   2.5;    9;  14.2;   6;   11.800;   0;   3.6;  12.5; 1003.30;   16.6;   69.00;   23.0;    8.5;    6.2;eor
       1420;20240524;   10;   9.2;   2.2;    9;   2.3;   6;    2.200;   0;   7.8;  14.7; 1004.90;   15.6;   84.00;   20.5;   12.8;   11.4;eor
       1420;20240525;   10;   8.3;   2.2;    9;   0.0;   0;    6.700;   0;   5.8;  13.4; 1005.00;   16.4;   75.00;   23.2;   11.3;    9.3;eor
       1420;20240526;   10;  10.5;   2.9;    9;   0.0;   6;   10.600;   0;   5.6;  13.7; 1004.80;   17.9;   70.00;   24.3;   10.9;    8.6;eor
       1420;20240527;   10;  12.4;   2.9;    9;   3.1;   6;    4.100;   0;   7.0;  14.5; 1004.80;   17.1;   76.00;   22.9;   12.9;   11.0;eor
       1420;20240528;   10;   9.7;   3.6;    9;   1.1;   6;    9.300;   0;   4.8;  10.7; 1006.60;   15.6;   62.00;   20.0;   10.0;    7.6;eor
       1420;20240529;   10;  12.1;   4.6;    9;  11.1;   6;    0.200;   0;   7.7;  14.4; 1000.50;   15.9;   80.00;   18.7;   13.1;   12.3;eor
       1420;20240530;   10;  15.0;   2.5;    9;   7.2;   6;    3.100;   0;   7.4;  15.0;  993.80;   15.5;   86.00;   21.1;   13.1;   12.8;eor
       1420;20240531;   10;   9.6;   3.0;    9;   0.0;   6;    1.000;   0;   7.8;  13.0;  997.80;   15.8;   73.00;   19.5;   13.0;   12.6;eor
       1420;20240601;   10;  10.6;   4.0;    9;   4.2;   6;    0.300;   0;   7.9;  15.3; 1002.10;   16.6;   80.00;   19.0;   14.9;   13.6;eor
       1420;20240602;   10;  11.8;   3.7;    9;   0.0;   0;    0.500;   0;   7.9;  15.2; 1006.60;   17.3;   76.00;   19.7;   14.4;   13.0;eor
       1420;20240603;   10;  11.8;   3.0;    9;   0.0;   0;    8.200;   0;   4.7;  11.1; 1006.50;   15.2;   65.00;   20.2;    8.4;    6.7;eor
       1420;20240604;   10;   8.3;   2.7;    9;   0.9;   6;   10.900;   0;   4.6;  12.1; 1002.00;   16.2;   67.00;   22.8;    8.0;    6.4;eor
       1420;20240605;   10;  13.5;   4.1;    9;   0.1;   6;    2.200;   0;   6.9;  13.7; 1001.00;   16.1;   76.00;   22.1;   10.5;    8.2;eor
       1420;20240606;   10;  10.0;   2.8;    9;   0.0;   0;    9.200;   0;   3.5;  11.8; 1004.30;   16.3;   67.00;   23.6;    8.8;    6.2;eor
       1420;20240607;   10;   9.3;   2.0;    9;   0.0;   0;    9.800;   0;   2.6;  10.7; 1005.30;   16.2;   62.00;   24.1;    6.7;    5.0;eor
       1420;20240608;   10;  10.4;   3.1;    9;   0.0;   0;   13.500;   0;   3.5;  11.2;  999.80;   18.1;   58.00;   25.3;    8.1;    5.2;eor
       1420;20240609;   10;  10.1;   2.6;    9;   0.0;   0;   12.800;   0;   3.3;  10.2;  997.30;   17.5;   53.00;   23.0;   12.2;    8.0;eor
       1420;20240610;   10;  16.2;   5.7;    9;   0.0;   6;    7.900;   0;   4.4;   9.8;  996.10;   15.2;   58.00;   20.8;    7.5;    5.7;eor
       1420;20240611;   10;   9.8;   3.6;    9;   0.0;   6;    7.900;   0;   5.7;   8.6; 1003.20;   13.5;   57.00;   18.5;    7.9;    5.4;eor
       1420;20240612;   10;  10.1;   2.8;    9;   0.0;   0;    9.300;   0;   5.3;   9.0; 1006.50;   13.5;   60.00;   19.2;    6.5;    4.1;eor
       1420;20240613;   10;   9.9;   2.3;    9;   0.0;   6;   10.300;   0;   5.7;   9.1; 1005.20;   14.9;   56.00;   20.7;    8.0;    6.5;eor
       1420;20240614;   10;  12.8;   3.9;    9;   6.5;   6;    1.400;   0;   7.6;  13.4;  998.50;   15.3;   77.00;   19.4;   11.6;   10.2;eor
       1420;20240615;   10;  17.8;   6.6;    9;   0.1;   6;    9.800;   0;   5.7;  11.7;  995.60;   17.0;   63.00;   21.8;   12.5;    9.3;eor
       1420;20240616;   10;  12.6;   4.7;    9;   5.6;   6;    3.100;   0;   7.6;  12.2;  998.00;   17.0;   64.00;   21.8;   11.6;   10.1;eor
       1420;20240617;   10;   9.9;   3.9;    9;   0.1;   6;    4.400;   0;   7.4;  16.4; 1001.00;   18.5;   78.00;   23.6;   14.4;   11.6;eor
       1420;20240618;   10;   7.5;   2.2;    9;   0.8;   6;    6.800;   0;   7.5;  18.3; 1000.80;   20.6;   77.00;   27.0;   13.0;   10.8;eor
       1420;20240619;   10;  10.1;   3.3;    9;   6.5;   6;    3.800;   0;   6.1;  16.6; 1004.20;   17.6;   82.00;   19.8;   14.1;   12.2;eor
       1420;20240620;   10;   7.5;   2.5;    9;   0.1;   6;    5.300;   0;   6.4;  17.3; 1006.10;   19.4;   76.00;   24.4;   13.2;   12.3;eor
       1420;20240621;   10;  21.1;   3.5;    9;  13.5;   6;    3.400;   0;   7.7;  19.8; 1000.70;   20.0;   84.00;   25.1;   16.0;   15.8;eor
       1420;20240622;   10;  12.0;   4.0;    9;   6.6;   6;    4.000;   0;   7.0;  15.3; 1002.60;   16.8;   79.00;   21.8;   11.5;    9.7;eor
       1420;20240623;   10;  10.0;   2.1;    9;   0.0;   0;    4.400;   0;   5.3;  15.1; 1006.60;   18.9;   72.00;   25.0;   12.7;   10.9;eor
       1420;20240624;   10;   9.9;   3.0;    9;   0.0;   0;   13.600;   0;   1.7;  14.7; 1006.40;   21.9;   59.00;   27.6;   13.9;   10.8;eor
       1420;20240625;   10;  10.8;   3.4;    9;   0.0;   0;   15.300;   0;   0.1;  14.9; 1001.80;   23.8;   52.00;   29.3;   17.4;   15.7;eor
       1420;20240626;   10;  18.5;   2.4;    9;   6.6;   6;   12.900;   0;   2.3;  18.0;  997.90;   24.1;   62.00;   31.9;   18.6;   17.1;eor
       1420;20240627;   10;  11.2;   2.6;    9;   0.0;   6;   10.300;   0;   4.4;  21.1;  997.30;   24.6;   71.00;   31.4;   19.2;   17.7;eor
       1420;20240628;   10;   9.9;   3.2;    9;   0.0;   0;    6.900;   0;   5.7;  16.8; 1002.80;   22.0;   66.00;   27.4;   14.4;   10.7;eor
       1420;20240629;   10;  24.3;   2.6;    9;   9.1;   6;    9.000;   0;   5.0;  18.3;  999.40;   23.8;   62.00;   31.6;   13.3;   10.6;eor
       1420;20240630;   10;  11.2;   4.0;    9;   8.3;   6;    0.600;   0;   7.8;  18.9;  997.10;   19.1;   86.00;   22.6;   16.8;   16.5;eor
       1420;20240701;   10;  11.2;   4.3;    9;   2.2;   6;    5.700;   0;   7.6;  14.4; 1002.60;   17.8;   72.00;   21.3;   14.4;   12.4;eor
       1420;20240702;   10;  11.1;   4.1;    9;   2.5;   6;    1.100;   0;   7.7;  14.3; 1002.80;   15.6;   81.00;   19.1;   12.7;   11.5;eor
       1420;20240703;   10;   9.0;   2.5;    9;   2.8;   6;    2.600;   0;   7.5;  13.6;  999.20;   14.5;   83.00;   18.5;   11.7;   10.6;eor
       1420;20240704;   10;  12.9;   4.6;    9;   0.6;   6;    4.200;   0;   5.6;  14.6;  997.40;   16.7;   79.00;   23.0;   11.8;    9.2;eor
       1420;20240705;   10;  12.5;   3.9;    9;   0.0;   0;    2.800;   0;   6.6;  13.2; 1000.10;   17.6;   67.00;   23.6;   10.4;    8.1;eor
       1420;20240706;   10;  15.5;   4.7;    9;   0.2;   6;    6.600;   0;   6.8;  15.6;  994.50;   19.1;   72.00;   25.7;   13.1;    9.8;eor
       1420;20240707;   10;   9.1;   2.4;    9;   0.0;   0;    8.200;   0;   5.5;  11.2; 1002.60;   16.4;   64.00;   23.0;    8.7;    5.8;eor
       1420;20240708;   10;   7.8;   1.9;    9;   0.0;   0;   11.000;   0;   4.8;  12.5; 1005.00;   19.5;   59.00;   26.9;    9.0;    6.8;eor
       1420;20240709;   10;  11.8;   2.2;    9;   0.2;   6;   14.800;   0;   2.3;  17.1; 1002.50;   25.0;   56.00;   33.1;   15.4;   12.4;eor
       1420;20240710;   10;   9.1;   2.9;    9;   2.7;   6;    3.800;   0;   7.3;  20.6; 1003.40;   22.5;   77.00;   27.6;   19.1;   18.4;eor
       1420;20240711;   10;  12.3;   2.7;    9;   5.1;   6;    7.300;   0;   7.3;  19.1; 1004.30;   22.8;   72.00;   27.9;   19.0;   17.1;eor
       1420;20240712;   10;  14.9;   5.2;    9;   0.0;   0;    9.100;   0;   7.1;  17.3;  998.30;   21.7;   68.00;   27.2;   15.3;   15.0;eor
       1420;20240713;   10;  10.5;   3.6;    9;   0.0;   0;    6.700;   0;   6.3;  12.8; 1001.30;   18.0;   64.00;   23.7;   12.1;    9.5;eor
       1420;20240714;   10;   9.8;   2.4;    9;   0.0;   0;    7.800;   0;   5.1;  13.4; 1001.60;   19.1;   64.00;   26.4;   11.8;    8.7;eor
       1420;20240715;   10;  21.9;   2.0;    9;   2.1;   6;   13.000;   0;   5.8;  15.7;  999.50;   22.1;   63.00;   31.2;   11.5;    8.4;eor
       1420;20240716;   10;  15.7;   5.5;    9;   0.2;   6;    9.600;   0;   4.4;  16.9; 1001.80;   20.4;   72.00;   25.5;   14.5;   11.4;eor
       1420;20240717;   10;   9.2;   2.6;    9;   0.0;   0;    8.600;   0;   6.5;  15.2; 1008.40;   20.2;   66.00;   26.2;   14.4;   12.0;eor
       1420;20240718;   10;   9.0;   2.4;    9;   0.0;   0;   14.200;   0;   6.4;  14.9; 1009.60;   23.0;   55.00;   29.5;   15.5;   12.7;eor
       1420;20240719;   10;   8.0;   2.4;    9;   0.0;   0;   11.800;   0;   5.0;  16.3; 1005.80;   25.1;   53.00;   31.5;   17.3;   13.9;eor
       1420;20240720;   10;   7.3;   2.0;    9;   0.0;   0;   11.600;   0;   2.8;  17.8;  998.10;   26.4;   54.00;   33.6;   18.7;   15.4;eor
       1420;20240721;   10;   9.2;   3.6;    9;   3.6;   6;    6.800;   0;   6.9;  19.2;  996.50;   24.8;   63.00;   30.0;   19.7;   17.5;eor
       1420;20240722;   10;  10.0;   3.5;    9;   0.0;   6;    4.600;   0;   7.2;  17.9; 1004.20;   22.6;   67.00;   27.5;   16.9;   14.9;eor
       1420;20240723;   10;  14.3;   4.1;    9;   3.6;   6;    4.800;   0;   5.2;  17.1; 1005.90;   19.4;   77.00;   26.7;   13.6;   11.0;eor
       1420;20240724;   10;   9.0;   3.1;    9;   0.0;   0;    9.000;   0;   5.2;  14.2; 1007.30;   19.4;   65.00;   25.1;   14.1;   11.2;eor
       1420;20240725;   10;   7.0;   1.9;    9;   0.1;   6;   10.900;   0;   5.1;  14.2; 1003.00;   20.4;   62.00;   27.0;   13.3;    9.6;eor
       1420;20240726;   10;   7.2;   2.2;    9;  19.0;   6;    1.400;   0;   7.8;  19.2; 1000.40;   19.6;   84.00;   24.5;   15.9;   13.9;eor
       1420;20240727;   10;  11.3;   2.4;    9;   9.1;   6;    0.100;   0;   7.7;  21.6; 1002.20;   20.2;   91.00;   23.2;   17.2;   16.7;eor
       1420;20240728;   10;   9.3;   2.5;    9;   0.0;   0;   10.600;   0;   3.6;  15.1; 1011.40;   19.7;   68.00;   25.8;   14.5;   12.0;eor
       1420;20240729;   10;   7.3;   2.3;    9;   0.0;   0;   14.300;   0;   0.5;  14.2; 1010.70;   21.5;   58.00;   28.1;   14.1;   12.1;eor
       1420;20240730;   10;   5.4;   2.1;    9;   0.0;   0;   14.000;   0;   1.4;  16.8; 1004.70;   24.2;   58.00;   32.3;   16.3;   14.4;eor
       1420;20240731;   10;   9.9;   2.4;    9;   0.0;   6;    8.600;   0;   5.1;  18.9; 1001.40;   25.7;   59.00;   32.2;   19.0;   16.5;eor
       1420;20240801;   10;   7.7;   2.4;    9;  11.6;   6;    1.500;   0;   6.4;  21.1;  999.30;   21.7;   81.00;   24.3;   17.8;   15.9;eor
       1420;20240802;   10;  11.7;   2.9;    9;   0.0;   0;    9.500;   0;   4.3;  18.8;  999.40;   22.5;   71.00;   27.4;   17.6;   15.6;eor
       1420;20240803;   10;  12.4;   2.7;    9;   1.4;   6;    7.900;   0;   5.1;  19.6; 1000.00;   21.3;   78.00;   26.8;   16.0;   14.8;eor
       1420;20240804;   10;  10.3;   3.4;    9;   0.1;   6;    1.900;   0;   7.7;  17.9; 1002.60;   20.0;   77.00;   23.6;   16.5;   15.6;eor
       1420;20240805;   10;   7.1;   1.7;    9;   0.0;   0;   10.500;   0;   4.7;  14.6; 1003.20;   20.8;   62.00;   26.5;   15.7;   13.2;eor
       1420;20240806;   10;   6.7;   2.0;    9;   0.0;   0;   13.700;   0;   4.0;  16.5; 1000.10;   22.1;   65.00;   29.0;   15.1;   12.6;eor
       1420;20240807;   10;   9.9;   2.5;    9;   0.8;   6;    6.800;   0;   5.2;  19.3; 1000.10;   21.5;   76.00;   27.6;   15.4;   13.7;eor
       1420;20240808;   10;  13.5;   2.9;    9;   0.0;   0;    8.900;   0;   6.6;  15.1; 1004.60;   20.5;   66.00;   26.2;   14.8;   12.8;eor
       1420;20240809;   10;  12.6;   4.7;    9;   0.0;   0;    6.800;   0;   6.8;  17.0; 1005.00;   21.9;   67.00;   28.9;   13.5;   11.8;eor
       1420;20240810;   10;   9.1;   2.8;    9;   0.0;   0;   12.500;   0;   2.0;  15.2; 1008.20;   22.6;   60.00;   30.1;   15.9;   13.2;eor
       1420;20240811;   10;   9.0;   2.2;    9;   0.0;   0;   13.300;   0;   3.1;  16.4; 1007.80;   23.9;   59.00;   31.2;   14.9;   12.6;eor
       1420;20240812;   10;   7.1;   2.4;    9;   0.0;   0;   13.700;   0;   1.8;  19.8; 1001.00;   26.4;   59.00;   33.7;   19.9;   18.8;eor
       1420;20240813;   10;  13.3;   2.3;    9;   9.5;   6;   10.000;   0;   2.9;  21.4;  998.00;   26.6;   65.00;   35.9;   19.4;   18.2;eor
       1420;20240814;   10;   9.4;   3.3;    9;   0.0;   0;    7.700;   0;   5.2;  21.2;  999.90;   23.9;   73.00;   29.7;   19.8;   18.1;eor
       1420;20240815;   10;  10.1;   2.8;    9;   0.0;   0;   11.800;   0;   3.8;  18.3; 1005.00;   22.9;   68.00;   29.6;   16.7;   15.0;eor
       1420;20240816;   10;  12.2;   3.5;    9;   0.0;   0;   11.800;   0;   2.4;  15.7; 1004.00;   23.1;   61.00;   30.5;   16.9;   14.9;eor
       1420;20240817;   10;   9.6;   2.9;    9;  13.8;   6;    3.800;   0;   7.5;  19.4; 1000.80;   21.4;   77.00;   29.2;   15.4;   13.6;eor
       1420;20240818;   10;  13.2;   3.1;    9;   0.0;   6;    0.100;   0;   7.8;  18.7;  999.00;   19.8;   81.00;   22.2;   15.1;   13.9;eor
       1420;20240819;   10;   8.5;   1.7;    9;   0.0;   0;    9.100;   0;   3.5;  14.4; 1005.40;   18.8;   69.00;   24.9;   12.7;   11.2;eor
       1420;20240820;   10;   7.1;   2.1;    9;   0.0;   6;    5.900;   0;   5.0;  16.9; 1001.40;   19.6;   75.00;   24.1;   14.3;   11.9;eor
       1420;20240821;   10;  11.1;   4.4;    9;   0.0;   0;    9.800;   0;   6.0;  13.0; 1004.80;   18.7;   62.00;   23.7;   11.1;    9.1;eor
       1420;20240822;   10;   9.0;   2.5;    9;   0.0;   0;   11.900;   0;   5.6;  12.5; 1002.50;   17.1;   67.00;   25.0;    9.5;    7.4;eor
       1420;20240823;   10;  14.6;   4.6;    9;   0.0;   0;   11.400;   0;   4.9;  14.5;  999.90;   20.2;   65.00;   29.5;   10.8;    8.1;eor
       1420;20240824;   10;  14.9;   3.6;    9;   2.0;   6;   12.800;   0;   2.2;  17.6;  998.60;   24.5;   62.00;   33.2;   14.7;   11.7;eor
       1420;20240825;   10;  10.8;   4.0;    9;   0.0;   0;    9.800;   0;   4.7;  12.8; 1008.20;   18.5;   62.00;   23.6;    9.9;    6.9;eor
       1420;20240826;   10;   8.4;   1.7;    9;   0.0;   0;   12.900;   0;   0.7;  10.8; 1010.60;   16.6;   62.00;   24.7;    7.2;    4.3;eor
       1420;20240827;   10;   9.4;   2.4;    9;   0.0;   0;   12.800;   0;   1.2;  13.2; 1008.70;   20.5;   58.00;   28.6;   11.2;    7.8;eor
       1420;20240828;   10;   8.4;   2.3;    9;   0.0;   0;   12.700;   0;   0.0;  16.4; 1004.70;   23.1;   60.00;   31.5;   16.6;   12.9;eor
       1420;20240829;   10;   7.9;   2.0;    9;   0.0;   0;   11.600;   0;   1.2;  19.1; 1004.70;   24.9;   64.00;   34.3;   15.6;   13.4;eor
       1420;20240830;   10;  13.3;   4.8;    9;   0.0;   0;    8.400;   0;   7.0;  19.4; 1006.30;   23.5;   69.00;   29.7;   18.1;   16.3;eor
       1420;20240831;   10;   9.5;   4.7;    9;   0.0;   0;   11.700;   0;   4.4;  18.4; 1007.40;   24.0;   63.00;   31.6;   18.6;   17.9;eor
       1420;20240901;   10;  10.9;   3.0;    9;   0.0;   0;   12.100;   0;   4.1;  18.2; 1003.50;   25.8;   56.00;   32.9;   19.1;   18.2;eor
       1420;20240902;   10;   9.7;   2.2;    9;   5.6;   6;   10.000;   0;   3.8;  19.3; 1000.90;   23.7;   67.00;   29.4;   18.8;   15.8;eor
       1420;20240903;   10;   7.1;   1.7;    9;   0.0;   0;    9.200;   0;   5.7;  20.5; 1002.30;   22.9;   77.00;   30.7;   17.0;   15.7;eor
       1420;20240904;   10;  11.4;   1.7;    9;  17.7;   6;    2.400;   0;   7.4;  20.1; 1002.10;   20.7;   83.00;   26.6;   16.7;   15.0;eor
       1420;20240905;   10;  14.0;   4.3;    9;   3.6;   6;   11.300;   0;   4.0;  18.7;  995.40;   25.5;   62.00;   33.1;   18.1;   17.2;eor
       1420;20240906;   10;   8.2;   2.5;    9;   0.0;   6;    3.800;   0;   6.0;  18.5;  999.20;   19.0;   84.00;   23.9;   14.4;   11.8;eor
       1420;20240907;   10;   5.9;   2.0;    9;   0.2;   6;   10.100;   0;   4.3;  17.7;  999.60;   21.8;   71.00;   29.8;   13.2;   11.0;eor
       1420;20240908;   10;  10.8;   2.5;    9;  14.7;   6;    0.300;   0;   7.9;  18.9;  998.10;   18.1;   91.00;   21.1;   16.1;   15.6;eor
       1420;20240909;   10;  12.7;   4.7;    9;   3.7;   6;    1.900;   0;   7.8;  16.6;  994.20;   17.1;   85.00;   20.4;   15.6;   15.2;eor
       1420;20240910;   10;  12.5;   5.4;    9;   1.4;   6;    2.400;   0;   7.6;  13.6; 1000.00;   16.3;   74.00;   20.5;   13.2;   11.8;eor
       1420;20240911;   10;  14.3;   5.3;    9;   7.7;   6;    2.200;   0;   6.3;  11.5;  995.70;   13.4;   75.00;   16.5;    6.9;    4.5;eor
       1420;20240912;   10;  10.2;   3.0;    9;   1.6;   6;    4.800;   0;   4.2;   9.9; 1001.40;   10.2;   81.00;   15.7;    5.9;    3.9;eor
       1420;20240913;   10;   9.7;   2.4;    9;   0.9;   6;    6.200;   0;   7.7;  10.0; 1009.10;   11.4;   75.00;   16.6;    4.8;    3.5;eor
       1420;20240914;   10;  11.1;   3.6;    9;   0.0;   0;    3.000;   0;   6.8;   9.4; 1015.80;   12.3;   67.00;   16.8;    8.9;    7.1;eor
       1420;20240915;   10;   9.5;   2.3;    9;   0.0;   0;    7.300;   0;   5.4;   9.9; 1013.70;   12.6;   70.00;   19.3;    5.7;    2.7;eor
       1420;20240916;   10;   9.8;   2.6;    9;   0.0;   6;    0.000;   0;   7.8;  12.7; 1010.90;   14.2;   78.00;   16.8;    9.4;    6.8;eor
       1420;20240917;   10;  12.1;   6.0;    9;   0.0;   0;    7.900;   0;   2.9;  13.9; 1011.80;   18.2;   67.00;   23.2;   13.5;   11.7;eor
       1420;20240918;   10;  12.4;   5.1;    9;   0.0;   0;   10.600;   0;   0.7;  14.8; 1011.20;   20.4;   64.00;   26.1;   15.8;   14.3;eor
       1420;20240919;   10;  14.6;   4.3;    9;   0.4;   6;    8.800;   0;   1.7;  14.2; 1008.90;   18.9;   66.00;   25.3;   14.9;   13.3;eor
       1420;20240920;   10;   9.3;   3.3;    9;   0.0;   0;   11.300;   0;   0.5;  12.8; 1008.40;   18.4;   62.00;   24.5;   13.7;    9.8;eor
       1420;20240921;   10;   6.1;   2.0;    9;   0.0;   0;   11.200;   0;   0.0;  13.5; 1007.60;   17.6;   69.00;   24.1;   11.9;    9.2;eor
       1420;20240922;   10;   5.1;   1.5;    9;   1.2;   6;    7.300;   0;   7.3;  14.9; 1003.10;   17.3;   77.00;   23.8;   11.3;    8.5;eor
       1420;20240923;   10;   8.3;   2.9;    9;   2.8;   6;    0.100;   0;   7.9;  16.6;  998.10;   16.6;   89.00;   20.1;   14.2;   12.8;eor
       1420;20240924;   10;  13.6;   5.1;    9;   7.8;   6;    1.300;   0;   7.8;  15.0;  994.60;   14.8;   89.00;   18.5;   13.3;   12.0;eor
       1420;20240925;   10;  11.5;   4.9;    9;  17.3;   6;    0.600;   0;   7.8;  15.0;  994.30;   15.8;   84.00;   18.1;   13.8;   13.1;eor
       1420;20240926;   10;  14.5;   5.8;    9;  25.0;   6;    0.000;   0;   7.2;  16.7;  984.70;   15.8;   93.00;   18.8;   13.8;   12.5;eor
       1420;20240927;   10;  16.7;   8.0;    9;   0.3;   6;    3.800;   0;   6.4;  11.4;  990.80;   14.9;   67.00;   18.2;   11.4;   10.1;eor
       1420;20240928;   10;  11.7;   4.2;    9;   0.2;   6;    6.500;   0;   5.1;   9.9; 1006.80;   11.8;   73.00;   15.7;    6.2;    4.1;eor
       1420;20240929;   10;   6.4;   2.0;    9;   0.2;   6;    6.100;   0;   4.4;   8.9; 1014.10;    9.9;   74.00;   14.9;    2.8;    0.9;eor
       1420;20240930;   10;   8.4;   2.4;    9;   5.2;   6;    0.000;   0;   7.7;  12.0; 1003.10;   11.6;   86.00;   14.9;    7.6;    5.2;eor
       1420;20241001;   10;  13.1;   4.3;    9;   1.3;   6;    1.700;   0;   6.2;  12.5;  997.60;   13.4;   82.00;   17.6;    7.9;    4.9;eor
       1420;20241002;   10;  10.3;   2.4;    9;   0.5;   6;    3.100;   0;   7.6;  12.0;  997.40;   12.3;   85.00;   17.3;    8.4;    7.7;eor
       1420;20241003;   10;  11.4;   5.4;    9;   0.0;   6;    0.700;   0;   7.8;  10.0; 1003.60;   11.5;   74.00;   14.2;   10.1;    9.1;eor
       1420;20241004;   10;  10.2;   5.1;    9;   0.0;   6;    0.200;   0;   7.9;  10.2; 1006.50;   12.2;   72.00;   14.6;   10.3;    9.4;eor
       1420;20241005;   10;   8.2;   2.6;    9;   0.0;   0;    8.300;   0;   3.0;   9.6; 1005.80;   11.0;   75.00;   16.2;    5.5;    2.6;eor
       1420;20241006;   10;   7.2;   2.4;    9;   0.3;   6;    2.100;   0;   6.2;   9.9;  998.30;    9.8;   82.00;   13.9;    5.2;    3.6;eor
       1420;20241007;   10;   8.9;   1.9;    9;  19.5;   6;    0.700;   0;   7.7;  15.6;  993.40;   14.6;   93.00;   18.3;   11.1;   11.0;eor
       1420;20241008;   10;   9.2;   3.4;    9;   3.9;   6;    0.000;   0;   7.8;  16.8;  990.70;   15.5;   95.00;   16.7;   13.6;   12.9;eor
       1420;20241009;   10;  11.4;   2.6;    9;  11.0;   6;    0.400;   0;   7.8;  14.6;  982.40;   14.4;   89.00;   16.3;   12.4;   11.5;eor
       1420;20241010;   10;  14.8;   5.3;    9;   9.4;   6;    0.900;   0;   7.8;  13.8;  986.10;   14.1;   86.00;   17.6;   11.2;   10.5;eor
       1420;20241011;   10;   7.7;   2.4;    9;   0.1;   6;    4.000;   0;   5.1;  10.0; 1003.80;    9.5;   85.00;   14.0;    4.7;    2.0;eor
       1420;20241012;   10;   6.9;   2.3;    9;   5.9;   6;    1.300;   0;   6.7;  10.2; 1001.50;    8.9;   88.00;   12.8;    4.6;    3.5;eor
       1420;20241013;   10;  14.2;   4.7;    9;   0.0;   0;    4.100;   0;   7.4;   9.5; 1004.10;   10.5;   75.00;   13.3;    5.3;    3.5;eor
       1420;20241014;   10;  10.4;   1.8;    9;   2.4;   6;    0.500;   0;   7.7;   9.7; 1006.30;    8.3;   88.00;   12.7;    4.1;    2.8;eor
       1420;20241015;   10;   6.3;   2.5;    9;   0.0;   0;    0.000;   0;   8.0;  11.2; 1008.40;   10.7;   87.00;   12.6;    8.4;    7.4;eor
       1420;20241016;   10;   7.3;   2.5;    9;   0.9;   6;    4.000;   0;   7.1;  12.5; 1003.20;   14.0;   78.00;   17.3;   11.7;    9.3;eor
       1420;20241017;   10;   5.1;   1.8;    9;   0.1;   6;    2.600;   0;   7.5;  14.1; 1002.30;   14.8;   84.00;   19.5;   10.3;    9.1;eor
       1420;20241018;   10;   6.5;   1.9;    9;   0.9;   6;    0.200;   0;   8.0;  13.9; 1001.90;   14.3;   85.00;   16.4;   11.8;   10.2;eor
       1420;20241019;   10;   9.9;   3.2;    9;   0.1;   6;    0.700;   0;   7.8;  14.8; 1005.40;   14.7;   89.00;   17.6;   10.3;    7.0;eor
       1420;20241020;   10;   7.2;   2.1;    9;   0.0;   6;    0.000;   0;   7.1;  13.3; 1010.20;   11.9;   95.00;   13.8;    9.1;    6.6;eor
       1420;20241021;   10;  10.0;   2.4;    9;   0.2;   6;    8.200;   0;   5.3;  15.2; 1012.00;   16.2;   83.00;   22.2;   11.7;   10.0;eor
       1420;20241022;   10;  12.6;   2.8;    9;   0.0;   6;    5.700;   0;   5.2;  12.1; 1015.90;   12.8;   82.00;   17.1;    5.0;    2.3;eor
       1420;20241023;   10;   6.5;   2.0;    9;   0.0;   0;    9.100;   0;   0.3;   9.7; 1021.70;    9.3;   84.00;   15.9;    3.7;    1.1;eor
       1420;20241024;   10;   5.2;   1.9;    9;   0.0;   0;    0.100;   0;   7.0;  11.5; 1014.10;   11.8;   82.00;   15.0;    8.5;    6.1;eor
       1420;20241025;   10;   5.2;   2.1;    9;   0.0;   6;    8.700;   0;   5.0;  12.7; 1008.60;   13.4;   83.00;   19.6;    9.2;    6.3;eor
       1420;20241026;   10;   8.1;   2.3;    9;   0.0;   6;    3.700;   0;   6.1;  12.1; 1006.60;   12.2;   85.00;   16.9;    9.6;    8.7;eor
       1420;20241027;   10;   8.7;   2.0;    9;   0.0;   6;    0.000;   0;   5.8;  12.7; 1009.70;   12.1;   90.00;   15.6;    8.0;    5.8;eor
       1420;20241028;   10;   6.5;   1.8;    9;   0.0;   0;    0.000;   0;   7.8;  12.5; 1013.70;   10.4;   99.00;   12.3;    7.5;    5.7;eor
       1420;20241029;   10;   5.8;   1.7;    9;   0.0;   4;    1.500;   0;   6.8;  12.6; 1013.90;   11.2;   95.00;   15.6;    7.3;    4.9;eor
       1420;20241030;   10;   5.1;   1.0;    9;   0.0;   6;    0.100;   0;   7.6;  12.4; 1015.40;   11.0;   94.00;   14.8;    6.7;    5.5;eor
       1420;20241031;   10;   5.6;   1.5;    9;   0.2;   6;    0.000;   0;   8.0;  11.8; 1015.70;   11.4;   88.00;   13.2;   10.1;   10.0;eor
       1420;20241101;   10;   7.0;   2.5;    9;   0.0;   6;    0.000;   0;   8.0;  10.9; 1013.30;   10.2;   87.00;   10.9;    9.7;    9.6;eor
       1420;20241102;   10;   8.6;   2.0;    9;   0.0;   6;    0.000;   0;   7.8;  10.9; 1017.30;   11.0;   83.00;   13.6;    8.4;    7.6;eor
       1420;20241103;   10;   6.8;   2.3;    9;   0.0;   0;    8.500;   0;   2.9;   8.8; 1017.90;    8.2;   82.00;   13.5;    4.0;    1.2;eor
       1420;20241104;   10;   8.0;   2.2;    9;   0.0;   0;    4.100;   0;   2.5;   8.2; 1016.20;    5.6;   90.00;   11.0;    2.3;   -0.2;eor
       1420;20241105;   10;   5.5;   1.5;    9;   0.0;   6;    0.700;   0;   5.9;   7.8; 1013.70;    4.2;   93.00;    6.6;   -0.3;   -1.5;eor
       1420;20241106;   10;   7.3;   1.7;    9;   0.0;   0;    0.000;   0;   8.0;   8.3; 1018.10;    6.2;   88.00;    7.3;    4.9;    5.0;eor
       1420;20241107;   10;   6.7;   2.0;    9;   0.0;   0;    0.000;   0;   8.0;   7.6; 1020.10;    6.5;   78.00;    7.3;    5.8;    5.7;eor
       1420;20241108;   10;   9.6;   2.7;    9;   0.0;   6;    0.000;   0;   8.0;   8.0; 1015.80;    6.6;   82.00;    7.6;    5.7;    5.6;eor
       1420;20241109;   10;   6.1;   2.0;    9;   0.0;   6;    0.000;   0;   8.0;   8.6; 1014.40;    7.0;   86.00;    8.2;    5.5;    5.8;eor
       1420;20241110;   10;   3.6;   1.3;    9;   0.0;   6;    0.000;   0;   8.0;   8.3; 1016.30;    4.9;   96.00;    5.6;    4.3;    4.7;eor
       1420;20241111;   10;   6.8;   2.8;    9;   2.6;   6;    0.000;   0;   7.8;   8.8; 1016.20;    5.5;   97.00;    6.6;    4.5;    4.8;eor
       1420;20241112;   10;   9.0;   3.4;    9;   0.0;   6;    0.100;   0;   7.8;   8.7; 1016.60;    7.6;   84.00;   10.0;    5.7;    5.2;eor
       1420;20241113;   10;   8.4;   2.3;    9;   5.3;   6;    0.000;   0;   7.9;   8.0; 1018.40;    6.3;   84.00;    8.2;    4.8;    3.8;eor
       1420;20241114;   10;   7.9;   3.3;    9;   0.5;   6;    0.000;   0;   8.0;   9.4; 1015.20;    6.6;   96.00;    8.0;    5.7;    5.6;eor
       1420;20241115;   10;   4.1;   1.3;    9;   0.0;   0;    0.000;   0;   8.0;   9.6; 1014.70;    7.4;   93.00;    9.0;    6.4;    6.2;eor
       1420;20241116;   10;   7.9;   3.3;    9;   0.0;   0;    0.000;   0;   7.9;   7.3; 1008.30;    6.2;   77.00;    7.2;    5.3;    4.8;eor
       1420;20241117;   10;  13.1;   6.0;    9;   4.8;   6;    0.000;   0;   7.5;   7.4; 1001.40;    5.5;   82.00;    6.4;    3.6;    1.4;eor
       1420;20241118;   10;  11.9;   4.2;    9;   7.4;   6;    0.000;   0;   7.9;   8.7;  998.80;    6.4;   91.00;    7.4;    5.5;    4.7;eor
       1420;20241119;   10;  20.1;   7.3;    9;   8.8;   6;    0.000;   0;   7.7;   9.7;  985.10;    8.2;   88.00;   11.0;    3.6;    2.7;eor
       1420;20241120;   10;  13.3;   5.8;    9;   1.5;   8;    0.400;   0;   7.2;   5.7;  990.00;    3.4;   74.00;    5.3;    0.6;   -1.3;eor
       1420;20241121;   10;  10.5;   3.9;    9;   0.0;   6;    0.200;   0;   7.7;   5.3;  987.80;    1.2;   81.00;    3.2;   -3.2;   -5.3;eor
       1420;20241122;   10;  14.1;   6.0;    9;   0.3;   8;    2.400;   0;   5.1;   5.2;  993.60;    0.9;   79.00;    4.4;   -4.5;   -6.7;eor
       1420;20241123;   10;  10.6;   4.4;    9;   0.0;   6;    0.800;   0;   7.9;   5.9; 1007.30;    4.4;   71.00;    6.1;    1.5;   -0.2;eor
       1420;20241124;   10;  10.7;   4.6;    9;   0.0;   0;    1.200;   0;   7.5;   8.5; 1003.30;   11.6;   61.00;   16.3;    5.7;    4.8;eor
       1420;20241125;   10;   9.8;   3.7;    9;   4.9;   6;    0.400;   0;   7.7;  10.0;  998.30;   12.0;   72.00;   16.8;    6.4;    3.0;eor
       1420;20241126;   10;   9.0;   3.3;    9;   5.3;   6;    0.900;   0;   5.2;   9.8; 1007.20;    8.2;   90.00;   11.0;    1.8;   -0.6;eor
       1420;20241127;   10;  13.9;   4.1;    9;   1.2;   6;    0.900;   0;   7.6;   9.3; 1006.50;    7.8;   88.00;   11.8;    1.9;   -0.4;eor
       1420;20241128;   10;  12.3;   4.9;    9;   0.2;   6;    4.900;   0;   4.6;   7.4; 1011.70;    7.5;   72.00;    9.4;    3.6;    0.7;eor
       1420;20241129;   10;   6.3;   1.8;    9;   0.0;   0;    3.900;   0;   3.0;   6.2; 1020.20;    3.0;   82.00;    8.0;   -1.4;   -3.3;eor
       1420;20241130;   10;   5.6;   2.3;    9;   0.0;   0;    7.300;   0;   5.5;   5.6; 1018.50;    1.4;   83.00;    6.3;   -2.5;   -5.6;eor
       1420;20241201;   10;   5.8;   1.9;    9;   0.3;   8;    0.000;   0;   7.4;   5.4; 1013.70;   -1.4;   97.00;    0.0;   -4.1;   -6.0;eor
       1420;20241202;   10;   4.4;   1.2;    9;   0.4;   6;    0.000;   0;   7.9;   7.0; 1006.10;    2.5;   95.00;    4.3;    0.0;    0.2;eor
       1420;20241203;   10;  10.6;   2.9;    9;   0.0;   6;    0.000;   0;   6.8;   7.4; 1006.50;    3.8;   92.00;    8.0;    0.0;   -2.9;eor
       1420;20241204;   10;   6.2;   2.2;    9;   0.0;   6;    1.800;   0;   7.8;   6.2; 1013.80;    2.2;   86.00;    6.2;   -2.7;   -4.9;eor
       1420;20241205;   10;  11.5;   4.0;    9;  11.1;   8;    0.000;   0;   7.0;   6.3; 1009.50;    1.1;   94.00;    4.7;   -2.1;   -5.4;eor
       1420;20241206;   10;  18.4;   7.6;    9;   0.1;   6;    0.400;   0;   7.0;   7.7;  998.40;    7.6;   75.00;   10.1;    4.6;    2.0;eor
       1420;20241207;   10;  11.5;   4.6;    9;   6.5;   6;    0.000;   0;   7.5;   8.0;  992.50;    5.9;   86.00;    7.3;    3.4;    1.3;eor
       1420;20241208;   10;  11.3;   3.8;    9;   0.0;   6;    2.200;   0;   7.7;   7.2;  995.10;    6.5;   74.00;    8.5;    5.2;    4.1;eor
       1420;20241209;   10;  12.0;   5.9;    9;   0.2;   6;    0.000;   0;   8.0;   6.5; 1008.30;    5.0;   74.00;    6.4;    4.1;    3.2;eor
       1420;20241210;   10;  11.6;   4.7;    9;   0.0;   6;    0.000;   0;   7.8;   6.8; 1013.80;    4.7;   79.00;    5.9;    3.2;    3.0;eor
       1420;20241211;   10;   8.2;   3.0;    9;   0.0;   0;    0.000;   0;   8.0;   6.0; 1017.50;    2.8;   80.00;    3.2;    2.1;    2.1;eor
       1420;20241212;   10;   5.6;   1.9;    9;   0.0;   0;    0.000;   0;   8.0;   5.5; 1018.70;    2.3;   77.00;    3.0;    1.1;    1.0;eor
       1420;20241213;   10;   6.0;   1.9;    9;   0.0;   0;    0.000;   0;   8.0;   5.5; 1015.90;    1.5;   81.00;    2.5;    0.7;    0.7;eor
       1420;20241214;   10;  10.5;   4.1;    9;   0.0;   8;    0.000;   0;   7.8;   5.5; 1009.40;    0.5;   86.00;    2.9;   -2.3;   -4.8;eor
       1420;20241215;   10;  12.3;   5.9;    9;   0.0;   6;    0.200;   0;   8.0;   7.0; 1015.90;    4.9;   81.00;    7.5;    1.7;    0.0;eor
       1420;20241216;   10;  11.8;   6.2;    9;   0.5;   6;    0.000;   0;   8.0;   9.1; 1019.90;    8.6;   82.00;   10.0;    7.0;    6.6;eor
       1420;20241217;   10;   9.8;   4.1;    9;   0.0;   6;    0.100;   0;   7.9;   8.7; 1017.10;    7.6;   83.00;    8.9;    6.0;    5.7;eor
       1420;20241218;   10;  10.4;   4.9;    9;   1.2;   6;    2.100;   0;   7.4;   8.7; 1006.80;    8.5;   79.00;   12.3;    4.1;    2.7;eor
       1420;20241219;   10;  21.1;   6.9;    9;   5.6;   6;    0.100;   0;   7.7;   9.8;  992.60;    9.4;   82.00;   12.9;    4.8;    3.1;eor
       1420;20241220;   10;  10.2;   5.0;    9;   0.5;   6;    2.700;   0;   6.2;   6.2; 1007.60;    4.5;   74.00;    7.6;    0.9;   -2.1;eor
       1420;20241221;   10;  15.7;   6.7;    9;  11.9;   6;    0.000;   0;   8.0;   7.7; 1004.60;    5.3;   86.00;    7.7;    3.2;    2.8;eor
       1420;20241222;   10;  19.9;   6.7;    9;   0.7;   6;    0.800;   0;   6.7;   7.2;  990.90;    5.0;   82.00;    7.7;   -0.4;   -2.2;eor
       1420;20241223;   10;  11.3;   4.0;    9;   0.5;   6;    1.400;   0;   6.1;   6.5; 1001.10;    3.5;   83.00;    7.4;   -1.2;   -3.1;eor
       1420;20241224;   10;   7.5;   2.9;    9;   0.0;   6;    2.100;   0;   7.3;   6.8; 1015.60;    4.2;   83.00;    7.0;    0.4;   -1.3;eor
       1420;20241225;   10;   5.1;   1.7;    9;   0.0;   0;    0.400;   0;   7.3;   7.6; 1023.20;    4.7;   88.00;    7.1;    1.8;   -0.2;eor
       1420;20241226;   10;   7.2;   2.1;    9;   0.0;   0;    7.300;   0;   0.0;   6.2; 1024.50;    2.6;   84.00;    6.7;   -1.8;   -2.7;eor
       1420;20241227;   10;   5.2;   2.0;    9;   0.0;   6;    5.400;   0;   6.0;   5.6; 1021.90;    0.3;   90.00;    5.1;   -3.2;   -5.3;eor
       1420;20241228;   10;   4.5;   1.3;    9;   0.0;   8;    0.000;   0;   6.6;   4.8; 1019.30;   -2.9;   97.00;   -2.2;   -4.5;   -6.3;eor
       1420;20241229;   10;   6.3;   2.5;    9;   0.0;   6;    0.000;   0;   8.0;   5.3; 1018.80;   -1.4;   97.00;   -0.5;   -2.6;   -2.1;eor
       1420;20241230;   10;   7.9;   3.6;    9;   0.0;   6;    0.000;   0;   8.0;   5.6; 1020.00;   -0.6;   95.00;    0.0;   -1.3;   -1.2;eor
       1420;20241231;   10;  10.5;   4.6;    9;   0.0;   6;    0.000;   0;   8.0;   5.4; 1017.30;   -0.8;   94.00;    0.2;   -1.7;   -1.4;eor
       1420;20250101;    3;  17.2;   7.0;    9;   1.8;   6;    3.100;   0;   6.9;   5.7; 1007.70;    3.4;   75.00;    7.9;   -0.3;   -1.5;eor
       1420;20250102;    3;  16.3;   4.2;    9;  13.2;   8;    0.100;   0;   6.3;   6.7; 1001.30;    3.2;   88.00;    8.3;   -1.2;   -3.2;eor
       1420;20250103;    3;  13.9;   5.7;    9;   0.0;   7;    4.300;   0;   5.6;   5.2; 1007.60;    1.4;   78.00;    3.5;   -0.2;   -1.7;eor
       1420;20250104;    3;   7.9;   2.9;    9;   4.9;   8;    0.000;   0;   7.9;   5.1; 1007.40;    0.1;   83.00;    1.2;   -1.6;   -2.6;eor
       1420;20250105;    3;   7.7;   2.4;    9;   9.5;   6;    0.000;   2;   8.0;   6.5;  990.10;    1.5;   95.00;    8.0;   -1.1;   -1.1;eor
       1420;20250106;    3;  31.8;   6.5;    9;   1.6;   6;    2.300;   0;   7.5;   8.5;  982.40;    9.9;   70.00;   16.2;    6.9;    3.1;eor
       1420;20250107;    3;  19.2;   7.2;    9;   0.0;   6;    1.200;   0;   5.6;   6.2;  990.40;    5.7;   67.00;    7.4;    3.7;    0.4;eor
       1420;20250108;    3;   9.3;   3.7;    9;   7.3;   8;    0.000;   0;   7.3;   6.4;  992.00;    3.1;   85.00;    5.2;    0.3;   -0.5;eor
       1420;20250109;    3;  15.2;   5.8;    9;   8.2;   8;    0.000;   0;   6.8;   7.9;  988.90;    5.0;   87.00;   10.6;    1.0;   -1.3;eor
       1420;20250110;    3;  11.9;   4.6;    9;   0.0;   8;    1.800;   0;   5.8;   5.2; 1006.50;    1.5;   76.00;    5.1;   -2.1;   -4.4;eor
       1420;20250111;    3;  10.6;   3.7;    9;   0.0;   0;    6.400;   0;   4.8;   5.0; 1013.20;    1.3;   76.00;    3.9;   -0.1;   -2.9;eor
       1420;20250112;    3;   8.8;   2.8;    9;   0.0;   0;    4.600;   0;   5.1;   4.8; 1024.30;    1.5;   72.00;    4.3;   -3.9;   -7.4;eor
       1420;20250113;    3;   5.9;   1.8;    9;   0.0;   0;    7.700;   0;   2.4;   4.0; 1029.10;   -2.1;   78.00;    1.3;   -5.4;   -8.4;eor
       1420;20250114;    3;   5.3;   1.9;    9;   0.0;   6;    6.100;   0;   4.7;   4.1; 1023.50;   -1.7;   77.00;    2.7;   -5.9;   -8.9;eor
       1420;20250115;    3;   4.9;   1.8;    9;   0.0;   6;    0.200;   0;   7.8;   6.0; 1020.70;    2.3;   82.00;    5.2;   -0.2;   -1.6;eor
       1420;20250116;    3;  10.8;   2.6;    9;   0.0;   0;    5.400;   0;   3.8;   6.3; 1024.40;    3.5;   81.00;    6.4;   -0.7;   -2.7;eor
       1420;20250117;    3;   5.4;   2.2;    9;   0.0;   0;    0.000;   0;   7.6;   5.7; 1025.20;    0.4;   90.00;    1.5;   -1.6;   -2.4;eor
       1420;20250118;    3;   9.8;   2.1;    9;   0.0;   0;    2.900;   0;   4.6;   5.3; 1019.10;    0.2;   85.00;    3.2;   -3.5;   -6.4;eor
       1420;20250119;    3;   5.7;   1.9;    9;   0.0;   0;    7.800;   0;   0.3;   5.0; 1010.10;   -0.2;   84.00;    7.1;   -4.0;   -7.0;eor
       1420;20250120;    3;   6.0;   2.3;    9;   0.0;   8;    0.000;   0;   8.0;   5.1; 1008.20;   -1.4;   92.00;   -0.3;   -2.4;   -2.1;eor
       1420;20250121;    3;   4.6;   1.3;    9;   0.0;   8;    0.000;   0;   8.0;   4.9; 1006.50;   -2.2;   94.00;   -1.5;   -3.0;   -2.5;eor
       1420;20250122;    3;   4.1;   1.3;    9;   6.4;   6;    0.000;   0;   8.0;   5.2;  997.60;   -0.8;   90.00;    1.5;   -2.3;   -2.2;eor
       1420;20250123;    3;  12.9;   4.7;    9;   3.0;   6;    1.800;   0;   7.4;   6.6;  995.00;    4.3;   80.00;    7.1;    0.6;    0.6;eor
       1420;20250124;    3;  14.7;   4.7;    9;   0.0;   6;    0.100;   0;   7.9;   7.6;  997.60;    7.6;   74.00;   11.3;    4.1;    3.5;eor
       1420;20250125;    3;   9.0;   2.6;    9;  13.6;   6;    0.400;   0;   8.0;   9.3;  994.50;   10.3;   74.00;   14.8;    6.3;    4.1;eor
       1420;20250126;    3;  15.7;   5.4;    9;   1.6;   6;    1.200;   0;   7.7;   7.8;  994.90;    6.7;   78.00;   10.7;    2.6;   -0.5;eor
       1420;20250127;    3;  17.1;   6.4;    9;   3.6;   6;    0.000;   0;   7.8;   9.6;  985.40;   10.3;   77.00;   13.5;    7.5;    5.1;eor
       1420;20250128;    3;  12.7;   4.7;    9;   2.4;   6;    0.300;   0;   7.5;   8.1;  985.50;    8.1;   75.00;   10.4;    5.4;    2.9;eor
       1420;20250129;    3;  15.6;   5.9;    9;   0.3;   6;    1.700;   0;   7.3;   8.2;  993.90;    7.6;   78.00;    9.8;    4.8;    2.1;eor
       1420;20250130;    3;  12.1;   2.6;    9;   1.7;   6;    2.200;   0;   7.3;   8.0; 1002.90;    6.4;   83.00;   11.1;    3.3;    0.6;eor
       1420;20250131;    3;   7.2;   2.4;    9;   0.0;   6;    4.700;   0;   6.2;   5.8; 1016.20;    3.4;   76.00;    7.7;   -0.5;   -2.7;eor
       1420;20250201;    3;   7.5;   2.5;    3;   0.0;   0;    8.200;   0;   0.0;   4.9; 1018.40;    1.4;   74.00;    6.3;   -3.2;   -5.5;eor
       1420;20250202;    3;   6.7;   2.2;    3;   0.0;   0;    8.200;   0;   0.6;   4.8; 1013.50;    0.3;   78.00;    5.7;   -4.0;   -6.4;eor
       1420;20250203;    3;   4.9;   1.4;    3;   0.0;   7;    0.800;   0;   6.1;   4.8; 1016.60;   -1.9;   90.00;   -0.2;   -5.9;   -8.0;eor
       1420;20250204;    3;   5.8;   2.3;    3;   0.0;   7;    0.000;   0;   8.0;   4.7; 1018.80;   -0.6;   81.00;    0.1;   -1.5;   -3.1;eor
       1420;20250205;    3;   6.7;   1.7;    3;   0.0;   6;    0.000;   0;   7.4;   5.2; 1025.90;   -0.5;   88.00;    2.0;   -4.5;   -6.5;eor
       1420;20250206;    3;   9.1;   3.3;    3;   0.0;   6;    0.000;   0;   8.0;   6.0; 1026.20;    3.2;   78.00;    4.8;    1.7;    1.4;eor
       1420;20250207;    3;   9.5;   3.8;    3;   0.0;   0;    0.300;   0;   7.5;   5.4; 1014.60;    3.8;   67.00;    6.1;   -0.4;   -3.2;eor
       1420;20250208;    3;   7.1;   2.5;    3;   0.0;   0;    7.700;   0;   5.2;   5.2; 1011.30;    3.0;   70.00;    7.7;   -1.2;   -3.2;eor
       1420;20250209;    3;   4.8;   1.6;    3;   0.0;   0;    3.200;   0;   6.8;   5.3; 1014.90;    1.6;   78.00;    5.8;   -2.3;   -5.3;eor
       1420;20250210;    3;   9.3;   2.8;    3;   6.4;   6;    0.600;   0;   7.8;   6.0; 1011.70;    3.9;   75.00;    7.6;    0.5;   -0.9;eor
       1420;20250211;    3;   8.2;   2.2;    3;   1.6;   6;    0.300;   0;   7.7;   7.9; 1007.70;    5.6;   87.00;    7.8;    4.0;    3.0;eor
       1420;20250212;    3;   6.4;   2.2;    3;   0.0;   6;    0.000;   0;   7.9;   7.6; 1004.90;    4.8;   88.00;    6.8;    1.5;   -1.4;eor
       1420;20250213;    3;   9.3;   2.9;    3;   2.2;   8;    1.300;   0;   7.8;   5.8; 1005.70;    1.9;   83.00;    6.4;   -0.9;   -3.6;eor
       1420;20250214;    3;   8.7;   2.4;    3;   0.0;   8;    0.000;   0;   7.5;   4.7; 1013.10;    1.3;   70.00;    3.1;   -2.1;   -3.7;eor
       1420;20250215;    3;   5.6;   1.8;    3;   0.0;   8;    0.000;   0;   8.0;   4.1; 1011.50;    0.8;   64.00;    1.4;    0.0;   -0.6;eor
       1420;20250216;    3;   8.5;   2.9;    3;   0.0;   7;    0.200;   0;   6.3;   4.0; 1008.40;    0.3;   65.00;    2.8;   -4.5;   -6.4;eor
       1420;20250217;    3;   7.3;   2.5;    3;   0.0;   0;    9.000;   0;   0.2;   3.6; 1011.20;   -1.2;   66.00;    3.8;   -5.7;   -7.5;eor
       1420;20250218;    3;   8.1;   2.9;    3;   0.0;   0;    9.300;   0;   1.0;   3.4; 1013.70;   -1.7;   63.00;    3.8;   -6.8;   -9.3;eor
       1420;20250219;    3;   8.5;   2.7;    3;   0.0;   0;    8.100;   0;   5.6;   3.3; 1013.40;   -0.1;   55.00;    4.2;   -5.5;   -8.7;eor
       1420;20250220;    3;   4.4;   1.3;    3;   1.5;   6;    0.000;   0;   7.0;   5.1; 1013.30;    3.2;   65.00;    6.7;   -1.8;   -4.6;eor
       1420;20250221;    3;   6.3;   1.8;    3;   0.0;   0;    4.700;   0;   7.9;   8.9; 1010.50;    8.2;   82.00;   15.9;    2.7;    1.4;eor
       1420;20250222;    3;   9.1;   2.8;    3;   0.0;   6;    2.000;   0;   8.0;   9.2; 1007.20;    9.5;   77.00;   14.2;    4.1;    2.2;eor
       1420;20250223;    3;   7.3;   2.5;    3;   0.0;   0;    8.600;   0;   4.1;   8.6; 1015.90;    9.4;   75.00;   15.4;    2.9;   -0.7;eor
       1420;20250224;    3;   9.5;   2.8;    3;   5.5;   6;    0.000;   0;   8.0;   8.7; 1010.20;    7.7;   83.00;   12.0;    2.5;   -0.8;eor
       1420;20250225;    3;   7.2;   1.9;    3;   7.5;   6;    0.000;   0;   7.8;  10.5; 1002.00;    8.5;   94.00;   11.7;    5.8;    3.5;eor
       1420;20250226;    3;  10.7;   3.8;    3;   6.8;   6;    0.700;   0;   7.4;   8.2; 1003.60;    6.7;   83.00;    9.4;    3.2;   -0.2;eor
       1420;20250227;    3;  15.0;   3.9;    3;   4.6;   6;    2.400;   0;   7.1;   7.5; 1005.00;    5.4;   84.00;   10.6;    1.4;   -0.9;eor
       1420;20250228;    3;  11.3;   2.3;    3;   0.9;   6;    1.400;   0;   7.3;   7.1; 1010.60;    3.9;   89.00;    8.1;    1.5;   -0.3;eor
       1420;20250301;    3;   8.8;   2.8;    3;   0.0;   6;    3.200;   0;   6.2;   6.3; 1018.31;    4.8;   72.92;    7.9;    0.1;   -2.5;eor
       1420;20250302;    3;   8.1;   2.3;    3;   0.0;   0;    9.150;   0;   2.4;   5.5; 1020.74;    4.7;   65.67;   10.3;   -1.1;   -4.4;eor
       1420;20250303;    3;   7.6;   1.9;    3;   0.0;   0;    9.850;   0;   3.6;   5.0; 1016.83;    4.3;   64.17;   13.1;   -2.5;   -4.6;eor
       1420;20250304;    3;   6.1;   1.7;    3;   0.0;   0;    6.533;   0;   5.9;   5.0; 1014.27;    4.6;   61.63;   13.6;   -1.1;   -4.3;eor
       1420;20250305;    3;   6.2;   1.6;    3;   0.0;   0;   10.133;   0;   0.0;   5.4; 1012.80;    5.5;   63.21;   16.1;   -2.7;   -6.0;eor
       1420;20250306;    3;   5.7;   1.6;    3;   0.0;   0;-999;   0;   1.9;   6.0; 1009.11;    6.2;   66.75;   17.5;   -3.4;   -6.4;eor
       1420;20250307;    3;   6.0;   1.6;    3;   0.0;   0;-999;   0;   3.0;   6.4; 1006.37;    8.3;   63.50;   18.4;   -1.5;   -4.0;eor
       1420;20250308;    3;   6.9;   2.1;    3;   0.0;   0;-999;   0;   3.1;   6.6; 1000.86;    9.8;   57.88;   18.7;    1.4;   -2.7;eor
       1420;20250309;    3;   8.2;   2.4;    3;   0.0;   0;-999;   0;   5.3;   6.4;  993.25;   10.6;   53.38;   18.6;    2.4;   -0.9;eor
       1420;20250310;    3;  10.2;   3.6;    3;   0.0;   0;-999;   0;   6.5;   7.4;  988.96;   10.3;   60.04;   16.6;    3.0;   -0.4;eor
       1420;20250311;    3;  10.3;   2.8;    3;   3.9;   6;-999;   0;   7.9;   9.5;  989.55;    8.6;   85.13;   14.2;    4.9;    4.3;eor
       1420;20250312;    3;   8.5;   2.4;    3;   0.0;   0;-999;   0;   8.0;   6.6;  987.39;    6.0;   70.96;    8.2;    3.2;    0.1;eor
       1420;20250313;    3;   8.6;   3.3;    3;   7.6;   6;-999;   0;   7.5;   5.9;  986.25;    5.1;   67.71;    8.0;    3.5;    2.4;eor
       1420;20250314;    3;  10.7;   3.3;    3;   0.0;   0;-999;   0;   8.0;   6.1;  994.27;    5.5;   68.75;    9.3;    2.9;    2.5;eor
       1420;20250315;    3;  12.7;   5.7;    3;   0.0;   0;-999;   0;   6.1;   5.6; 1001.94;    6.1;   59.54;   10.5;    3.0;    1.8;eor
       1420;20250316;    3;  11.9;   5.0;    3;   0.0;   0;-999;   0;   0.1;   5.1; 1006.32;    6.2;   55.25;   11.4;    2.2;   -1.6;eor
       1420;20250317;    3;  11.2;   3.9;    3;   0.0;   0;-999;   0;   3.1;   4.3; 1014.05;    4.7;   52.25;   10.2;   -1.0;   -4.7;eor
       1420;20250318;    3;   9.9;   3.2;    3;   0.0;   0;   10.400;   0;   0.0;   3.1; 1016.06;    4.2;   39.63;   11.4;   -2.5;   -6.5;eor
       1420;20250319;    3;   5.6;   1.8;    3;   0.0;   0;   11.167;   0;   0.0;   4.0; 1014.16;    5.6;   45.96;   15.5;   -2.5;   -6.2;eor
       1420;20250320;    3;   9.3;   2.1;    3;   0.0;   0;   10.533;   0;   1.1;   5.9; 1011.06;    8.7;   56.13;   19.2;   -1.6;   -4.9;eor
       1420;20250321;    3;  10.2;   3.1;    3;   0.0;   0;    9.950;   0;   6.6;   7.2; 1003.17;   13.8;   48.04;   22.5;    4.3;    0.9;eor
       1420;20250322;    3;   6.9;   2.5;    3;   0.3;   6;    5.000;   0;   6.9;   7.9;  993.40;   14.4;   48.54;   19.5;   10.7;    8.6;eor
       1420;20250323;    3;   7.9;   2.6;    3;   0.8;   6;    2.650;   0;   7.8;   9.9;  992.73;   12.8;   66.96;   17.7;    9.6;    7.1;eor
       1420;20250324;    3;  10.5;   1.6;    3;   0.0;   6;    3.850;   0;   6.9;  10.0; 1000.78;   12.7;   70.21;   17.8;    7.4;    5.5;eor
       1420;20250325;    3;  12.2;   2.5;    3;   0.8;   6;    7.900;   0;   5.8;   8.8; 1006.50;   11.4;   66.58;   17.8;    6.2;    3.4;eor
       1420;20250326;    3;  10.1;   2.7;    3;   1.7;   6;    0.000;   0;   7.4;   8.7; 1009.03;    9.4;   73.58;   11.1;    5.8;    1.1;eor
       1420;20250327;    3;   7.2;   2.3;    3;   0.0;   0;   11.817;   0;   0.1;   7.1; 1008.20;    9.1;   64.00;   16.0;    2.6;   -1.9;eor
       1420;20250328;    3;   6.7;   2.0;    3;   0.0;   0;   11.900;   0;   1.6;   7.0; 1000.01;    9.4;   62.75;   17.2;    1.4;   -2.2;eor
       1420;20250329;    3;   9.6;   3.6;    3;   0.0;   0;    3.983;   0;   5.4;   7.3; 1003.32;   10.4;   58.63;   15.1;    1.9;   -2.3;eor
       1420;20250330;    3;  14.7;   5.4;    3;   0.0;   6;    1.867;   0;   6.4;   6.7; 1005.30;    7.9;   63.46;   14.5;   -1.1;   -4.0;eor
       1420;20250331;    3;-999;   4.5;    3;   0.0;   0;    2.200;   0;   7.1;   6.3; 1011.33;   10.0;   51.32;   13.1;    8.0;    3.6;eor
       1420;20250401;    3;  11.3;   4.5;    3;   0.7;   6;    4.167;   0;   4.3;   6.5; 1012.65;    9.1;   57.58;   14.4;    4.8;    3.7;eor
       1420;20250402;    3;  14.4;   4.8;    3;   0.0;   0;   11.050;   0;   2.6;   7.3; 1009.05;   12.8;   50.88;   19.6;    5.3;    3.1;eor
       1420;20250403;    3;  10.1;   3.3;    3;   0.0;   0;   12.267;   0;   1.7;   7.1; 1010.23;   14.8;   44.63;   21.2;    8.0;    2.7;eor
       1420;20250404;    3;   7.9;   2.7;    3;   0.0;   0;   12.367;   0;   0.0;   7.8; 1006.65;   15.1;   47.46;   22.3;    6.4;    2.8;eor
       1420;20250405;    3;  12.7;   4.2;    3;   0.0;   0;    9.467;   0;   2.8;   7.4; 1003.44;   13.9;   47.75;   21.3;    6.6;    1.3;eor
       1420;20250406;    3;  11.7;   4.4;    3;   0.0;   0;   12.483;   0;   0.0;   3.6; 1011.41;    7.3;   35.67;   11.8;    2.1;   -1.1;eor
       1420;20250407;    3;  10.1;   2.8;    3;   0.0;   0;   12.533;   0;   0.4;   4.3; 1012.70;    7.7;   42.63;   14.2;    1.3;   -1.9;eor
       1420;20250408;    3;  10.6;   2.2;    3;   0.0;   0;   12.500;   0;   5.2;   5.4; 1013.26;    9.4;   47.83;   16.7;    2.0;   -1.7;eor
       1420;20250409;    3;   8.7;   2.6;    3;   0.0;   0;   12.067;   0;   3.2;   6.0; 1010.47;   11.5;   46.33;   18.0;    3.4;   -1.1;eor
       1420;20250410;    3;  12.7;   2.2;    3;   0.0;   0;    4.967;   0;   4.8;   6.9; 1013.93;    8.0;   64.92;   13.0;    1.4;   -2.0;eor
       1420;20250411;    3;   9.8;   2.7;    3;   0.0;   0;   12.217;   0;   4.0;   7.0; 1008.50;   10.9;   58.67;   20.8;   -0.3;   -2.7;eor
       1420;20250412;    3;  11.2;   2.6;    3;   0.0;   6;   12.200;   0;   4.1;   7.4;  999.47;   15.2;   46.00;   24.2;    5.4;    1.1;eor
       1420;20250413;    3;  15.5;   5.0;    3;   0.0;   0;    5.900;   0;   7.2;  10.4;  995.12;   15.3;   60.88;   21.0;    7.9;    4.5;eor
       1420;20250414;    3;   7.1;   1.7;    3;   0.0;   0;   10.733;   0;   5.0;   9.4;  996.37;   14.4;   61.63;   21.4;    5.7;    3.1;eor
       1420;20250415;    3;  14.7;   3.1;    3;   0.4;   6;    5.933;   0;   6.4;  12.1;  989.01;   14.9;   72.25;   21.7;    9.7;    6.7;eor
       1420;20250416;    3;  13.6;   3.7;    3;   0.0;   6;    7.133;   0;   7.4;  11.5;  994.75;   14.1;   73.17;   23.0;    9.1;    6.3;eor
       1420;20250417;    3;  10.5;   3.8;    3;   2.5;   6;    0.000;   0;   7.8;   9.6;  996.49;   10.4;   76.58;   11.8;    8.4;    8.1;eor
       1420;20250418;    3;   7.6;   2.3;    3;   0.1;   6;    0.000;   0;   7.8;   9.0; 1001.28;    8.7;   79.83;   10.6;    7.3;    6.8;eor
       1420;20250419;    1;   7.1;   2.2;    1;   0.0;   0;    8.200;   0;   7.3;   8.8;  996.95;   12.1;   64.58;   17.7;    7.1;    6.3;eor
       1420;20250420;    1;  15.3;   4.0;    1;   0.9;   6;    8.750;   0;   3.1;   9.6;  994.63;   12.9;   67.50;   22.3;    5.0;    0.9;eor
       1420;20250421;    1;   8.0;   2.4;    1;   0.7;   6;    1.717;   0;   5.1;   9.9;  999.83;    9.8;   82.00;   15.4;    1.7;   -0.5;eor
       1420;20250422;    1;   9.5;   2.5;    1;   0.6;   6;    3.933;   0;   7.2;  11.3; 1005.40;   11.8;   82.96;   18.4;    7.3;    3.1;eor
       1420;20250423;    1;  12.9;   3.1;    1;  12.1;   6;    4.750;   0;   7.3;  11.5; 1002.74;   12.6;   80.58;   19.4;    7.5;    3.4;eor
       1420;20250424;    1;   7.6;   3.2;    1;   2.4;   6;    0.233;   0;   7.9;  11.8; 1003.33;   10.7;   91.75;   14.0;    8.7;    8.6;eor
       1420;20250425;    1;   9.2;   2.9;    1;   0.3;   6;    2.850;   0;   6.7;  11.1; 1006.66;   12.3;   78.83;   17.6;    7.8;    3.9;eor
       1420;20250426;    1;  11.1;   3.0;    1;   0.0;   0;    9.350;   0;   4.1;   9.4; 1008.36;   13.8;   62.46;   19.7;    6.6;    2.8;eor
       1420;20250427;    1;   8.7;   3.3;    1;   0.0;   0;   13.400;   0;   6.9;   8.3; 1011.30;   15.0;   49.88;   20.9;    9.6;    5.4;eor
       1420;20250428;    1;  11.3;   2.6;    1;   0.0;   0;   13.683;   0;   1.1;   7.5; 1012.75;   15.2;   48.82;   22.7;    5.8;    2.3;eor
       1420;20250429;    1;   8.4;   2.9;    1;   0.0;   0;   13.750;   0;   2.5;   8.2; 1012.17;   17.6;   43.38;   24.5;    7.8;    5.0;eor
       1420;20250430;    1;   8.1;   2.3;    1;   0.0;   0;   13.783;   0;   1.6;   9.6; 1009.75;   18.6;   48.54;   26.6;   11.0;    6.6;eor
       1420;20250501;    1;   8.1;   2.1;    1;   0.0;   0;   13.800;   0;   1.8;  10.3; 1006.65;   19.7;   49.29;   28.6;   11.1;    7.2;eor
       1420;20250502;    1;  12.6;   3.3;    1;   0.0;   0;   12.767;   0;   3.9;  11.4; 1002.75;   19.8;   55.00;   29.7;    9.1;    5.8;eor
       1420;20250503;    1;  21.3;-999;    1;  -999;-999;    5.000;   0;  -999;  -999;    -999;   17.7;-999;   25.8;   12.3;    9.5;eor
       1420;20250504;    1;-999;-999;    1;   0.0;   0;    4.800;   0;  -999;  -999;    -999;   11.6;-999;   14.7;    7.8;    4.8;eor
       1420;20250505;    1;-999;-999;    1;   0.0;   0;    7.600;   0;  -999;  -999;    -999;   11.9;-999;   16.5;    8.0;    6.2;eor
       1420;20250506;    1;  11.4;   4.7;    1;   0.0;   0;   11.967;   0;   3.8;   7.0; 1005.23;   12.5;   49.38;   17.1;    7.5;    6.5;eor
       1420;20250507;    1;  10.8;   3.9;    1;   0.0;   0;    1.200;   0;   7.1;   8.0; 1005.05;   12.9;   55.08;   17.0;    8.2;    6.3;eor
       1420;20250508;    1;  11.0;   4.7;    1;   0.0;   0;   11.333;   0;   4.2;   6.1; 1003.85;   13.4;   40.38;   18.3;    9.4;    8.8;eor
       1420;20250509;    1;  10.7;   3.4;    1;   0.0;   0;   13.617;   0;   2.3;   6.0; 1007.00;   14.1;   38.25;   20.3;    7.9;    3.4;eor
       1420;20250510;    1;   9.3;   2.5;    1;   0.0;   0;   14.350;   0;   2.2;   6.3; 1007.21;   14.8;   40.29;   22.1;    6.8;    3.2;eor
       1420;20250511;    1;   9.8;   2.9;    1;   0.0;   0;   14.100;   0;   0.8;   8.1; 1002.28;   17.7;   42.33;   25.3;    9.2;    3.4;eor
       1420;20250512;    1;   9.3;   3.0;    1;   0.0;   0;   14.017;   0;   4.4;   7.7; 1001.39;   17.8;   39.00;   23.9;   11.8;   10.0;eor
       1420;20250513;    1;   9.3;   2.7;    1;   0.0;   0;   14.400;   0;   1.0;   7.0; 1004.55;   17.5;   36.38;   24.1;   10.1;    8.4;eor
       1420;20250514;    1;  10.5;   2.9;    1;   0.0;   0;   14.250;   0;   5.0;   7.9; 1003.85;   18.0;   41.38;   25.9;    8.9;    4.2;eor
       1420;20250515;    1;  13.4;   4.7;    1;   0.0;   0;   11.617;   0;   3.0;   7.1; 1004.47;   15.1;   43.88;   20.5;    7.7;    3.1;eor
       1420;20250516;    1;   8.9;   2.8;    1;   0.0;   6;   10.883;   0;   3.7;   7.0; 1005.67;   14.4;   45.54;   20.4;    4.4;   -0.1;eor
       1420;20250517;    1;   9.9;   2.6;    1;   0.0;   6;    5.350;   0;   5.8;   9.2; 1003.93;   14.5;   57.42;   19.6;    9.1;    5.4;eor
       1420;20250518;    1;  11.0;   3.7;    1;   0.0;   0;    9.367;   0;   2.6;   9.2; 1004.23;   12.9;   62.67;   18.4;    7.9;    4.5;eor
       1420;20250519;    1;   9.8;   2.5;    1;   0.0;   0;   14.350;   0;   1.9;   8.5; 1006.01;   15.9;   52.46;   23.3;    4.9;    0.8;eor
       1420;20250520;    1;  11.0;   2.5;    1;   0.0;   0;   12.700;   0;   6.6;   9.9; 1003.91;   18.1;   50.59;   24.8;   11.8;    8.0;eor
       1420;20250521;    1;   9.5;   2.2;    1;   0.0;   6;    6.400;   0;   7.4;   9.7; 1000.24;   17.0;   53.38;   23.4;    8.8;    6.4;eor
       1420;20250522;    1;  13.7;   4.7;    1;   0.0;   0;    7.867;   0;   4.8;   7.5; 1000.84;   13.5;   49.29;   17.3;    6.4;    2.4;eor
       1420;20250523;    1;  11.9;   3.0;    1;   0.0;   0;    5.700;   0;   4.4;   6.4; 1004.95;   10.2;   54.21;   16.0;    2.2;   -0.7;eor
       1420;20250524;    1;  12.9;   4.5;    1;   4.5;   6;    8.083;   0;   5.9;   8.1; 1005.64;   11.4;   63.79;   19.2;    1.5;   -2.8;eor
       1420;20250525;    1;  14.0;   6.0;    1;   1.1;   6;    1.850;   0;   7.7;  13.9; 1001.44;   14.7;   83.46;   21.3;   10.4;   10.3;eor
       1420;20250526;    1;  11.7;   4.8;    1;   0.0;   6;    7.417;   0;   7.0;  10.4; 1005.56;   16.1;   58.25;   21.1;   11.2;    8.9;eor
       1420;20250527;    1;  13.3;   5.5;    1;  10.6;   6;    3.817;   0;   7.6;  11.3; 1006.73;   16.0;   64.00;   22.4;    8.6;    5.5;eor
       1420;20250528;    1;  14.6;   5.4;    1;   5.0;   6;    3.067;   0;   6.8;  14.8; 1004.21;   16.0;   82.00;   19.7;   12.2;    9.4;eor
       1420;20250529;    1;  10.9;   3.2;    1;   0.0;   6;    3.367;   0;   7.8;  12.7; 1010.36;   16.4;   70.00;   20.8;    9.5;    7.5;eor
       1420;20250530;    1;  10.3;   3.1;    1;   0.0;   0;   12.383;   0;   3.2;  15.7; 1008.33;   21.7;   62.71;   28.5;   15.5;   13.4;eor
       1420;20250531;    1;  12.7;   2.2;    1;   6.7;   6;    8.667;   0;   4.4;  17.6; 1006.22;   20.3;   77.17;   30.4;   13.6;   11.1;eor
       1420;20250601;    1;  11.0;   3.2;    1;   2.3;   6;    6.933;   0;   6.3;  17.9; 1002.58;   20.1;   77.00;   25.5;   14.6;   13.0;eor
       1420;20250602;    1;   8.4;   2.3;    1;   0.2;   6;    5.250;   0;   6.5;  14.1; 1003.92;   17.6;   71.38;   22.5;   12.4;    9.8;eor
       1420;20250603;    1;  10.7;   3.2;    1;   8.8;   6;   11.583;   0;   3.4;  14.0; 1001.40;   18.3;   69.17;   24.8;    9.2;    6.9;eor
       1420;20250604;    1;  11.0;   3.8;    1;  13.9;   6;    0.000;   0;   7.4;  18.3;  997.90;   17.1;   93.54;   19.6;   14.1;   13.0;eor
       1420;20250605;    1;  14.2;   5.7;    1;   5.7;   6;    4.383;   0;   7.3;  13.8;  999.57;   17.5;   70.29;   20.8;   14.4;   13.5;eor
       1420;20250606;    1;  14.9;   6.1;    1;   1.1;   6;    2.283;   0;   6.7;  15.8;  999.16;   17.5;   80.08;   21.4;   14.4;   11.9;eor
       1420;20250607;    1;  15.6;   5.8;    1;   4.0;   6;    2.117;   0;   7.6;  14.6;  999.03;   17.4;   74.63;   20.9;   14.6;   12.6;eor
       1420;20250608;    1;  18.4;   6.7;    1;   0.6;   6;    6.950;   0;   5.4;  11.3; 1002.65;   15.2;   65.63;   19.2;    7.7;    4.7;eor
       1420;20250609;    1;  10.5;   2.9;    1;   0.0;   0;    9.150;   0;   5.6;  10.2; 1011.18;   14.1;   66.00;   20.6;    5.0;    3.0;eor
       1420;20250610;    1;  12.7;   4.7;    1;   0.0;   6;    4.083;   0;   6.8;  12.9; 1005.62;   17.6;   66.25;   24.5;    9.0;    6.8;eor
       1420;20250611;    1;   9.8;   3.1;    1;   0.0;   0;   15.033;   0;   1.3;  11.0; 1008.70;   18.2;   54.58;   23.3;   12.1;    9.2;eor
       1420;20250612;    1;   8.8;   3.3;    1;   0.0;   0;   14.650;   0;   2.0;  12.0; 1006.53;   21.3;   50.04;   28.3;   13.1;   11.9;eor
       1420;20250613;    1;   7.9;   3.1;    1;   0.0;   0;   14.600;   0;   1.3;  13.3; 1007.57;   25.2;   42.75;   32.2;   18.1;   15.6;eor
       1420;20250614;    1;  13.8;   3.2;    1;   4.7;   6;   12.650;   0;   3.0;  17.0; 1005.73;   25.5;   54.25;   33.9;   18.4;   15.0;eor
       1420;20250615;    1;  10.6;   2.9;    1;   2.1;   6;    1.900;   0;   6.8;  18.6; 1008.03;   19.4;   82.29;   22.4;   16.3;   14.9;eor
       1420;20250616;    1;-999;   2.6;    1;   0.0;   0;   11.600;   0;   2.7;  13.7; 1014.06;   19.2;   63.86;   24.7;   12.9;   11.1;eor
       1420;20250617;    1;   7.5;   1.8;    1;   0.0;   0;   13.700;   0;   5.2;  13.8; 1012.87;   20.7;   60.42;   27.6;   12.7;    9.8;eor
       1420;20250618;    1;   8.9;   2.0;    1;   0.0;   0;   13.067;   0;   4.1;  14.4; 1010.32;   22.4;   57.38;   29.0;   13.5;   10.7;eor
       1420;20250619;    1;   9.7;   3.6;    1;   0.0;   0;   14.350;   0;   0.5;  14.1; 1011.53;   22.0;   55.46;   28.6;   14.4;   11.5;eor
       1420;20250620;    1;  14.3;   3.7;    1;   0.0;   0;   15.083;   0;   0.8;  10.9; 1012.22;   21.5;   44.08;   27.7;   15.2;   14.4;eor
       1420;20250621;    1;   9.6;   2.6;    1;   0.0;   0;   15.167;   0;   3.2;  10.7; 1008.95;   23.7;   39.33;   31.5;   16.2;   13.8;eor
       1420;20250622;    1;  11.2;   3.5;    1;   0.0;   6;   14.150;   0;   4.4;  13.7; 1003.54;   26.4;   42.83;   35.4;   15.4;   12.1;eor
       1420;20250623;    1;  18.1;   6.6;    1;   0.0;   6;    6.900;   0;   5.1;  14.4; 1001.03;   22.5;   52.96;   27.2;   12.8;    8.9;eor
       1420;20250624;    1;  14.8;   5.5;    1;   0.0;   0;   12.567;   0;   2.2;  11.6; 1002.51;   20.7;   51.13;   29.1;    9.9;    6.3;eor
       1420;20250625;    1;  12.2;   4.0;    1;   0.5;   6;   12.933;   0;   2.7;  14.7; 1001.03;   25.5;   47.42;   33.3;   16.6;   13.8;eor
       1420;20250626;    1;  25.7;   5.9;    1;   2.9;   6;   10.267;   0;   4.9;  18.0; 1002.41;   23.4;   63.42;   29.1;   19.3;   16.8;eor
       1420;20250627;    1;  10.9;   4.3;    1;   1.3;   6;    4.533;   0;   6.3;  17.8; 1010.12;   20.6;   74.00;   25.5;   16.6;   14.5;eor
       1420;20250628;    1;   9.8;   3.1;    1;   0.0;   0;   11.733;   0;   2.0;  17.3; 1012.17;   24.2;   61.92;   32.6;   15.4;   13.9;eor
       1420;20250629;    1;  11.4;   2.3;    1;   0.0;   4;   15.100;   0;   1.6;  17.8; 1010.60;   26.0;   55.75;   33.5;   17.3;   15.3;eor
       1420;20250630;    1;  10.2;   3.3;    1;   0.0;   4;   15.183;   0;   0.1;  16.6; 1006.85;   27.8;   46.88;   34.2;   21.1;   20.4;eor
